100
0 4 0.424093392
1 8 0.848186783
2 8 0.848186783
3 8 0.848186783
4 4 0.424093392
5 4 0.424093392
6 8 1.696373567
7 8 0.848186783
8 4 0.424093392
9 8 1.696373567
10 4 0.424093392
11 4 0.424093392
12 8 0.848186783
13 4 0.424093392
14 8 0.848186783
15 8 0.848186783
16 4 0.424093392
17 6 0.424093392
18 4 0.424093392
19 8 0.848186783
20 8 0.848186783
21 4 0.424093392
22 4 0.424093392
23 4 0.424093392
24 4 0.424093392
25 8 0.848186783
26 4 0.424093392
27 8 0.848186783
28 4 0.424093392
29 4 0.424093392
30 4 0.424093392
31 8 0.848186783
32 4 0.424093392
33 4 0.424093392
34 8 0.848186783
35 16 3.180700437
36 4 0.424093392
37 4 0.424093392
38 4 0.424093392
39 8 0.848186783
40 4 0.53011674
41 8 0.848186783
42 4 0.424093392
43 4 0.424093392
44 4 0.424093392
45 4 0.424093392
46 4 0.424093392
47 8 0.848186783
48 4 0.424093392
49 4 0.424093392
50 4 0.424093392
51 4 0.424093392
52 8 0.848186783
53 8 0.848186783
54 4 0.424093392
55 8 0.848186783
56 16 1.696373567
57 4 0.424093392
58 4 0.424093392
59 4 0.424093392
60 8 0.848186783
61 4 0.53011674
62 4 0.424093392
63 4 0.424093392
64 8 0.848186783
65 8 0.848186783
66 8 0.848186783
67 8 0.848186783
68 4 0.424093392
69 8 0.848186783
70 4 0.424093392
71 8 0.848186783
72 8 0.848186783
73 4 0.424093392
74 8 0.848186783
75 8 0.848186783
76 4 0.424093392
77 4 0.424093392
78 4 0.424093392
79 8 0.848186783
80 4 0.424093392
81 4 0.424093392
82 8 1.696373567
83 4 0.424093392
84 8 0.848186783
85 8 0.848186783
86 8 0.848186783
87 8 0.848186783
88 8 0.848186783
89 4 0.424093392
90 4 0.424093392
91 8 0.848186783
92 4 0.424093392
93 4 0.424093392
94 8 0.848186783
95 4 0.424093392
96 8 0.848186783
97 4 0.424093392
98 16 3.180700437
99 4 0.424093392
1000
0 1.5 [50,77,80,0] [] [] []
1 0.89 [] [] [] []
2 0.94 [] [] [] []
3 1.0 [] [] [] []
4 1.37 [] [] [] []
5 1.18 [] [] [] []
6 1.0 [] [] [] []
7 0.84 [] [9,739,248,524] [] []
8 0.89 [] [] [916] []
9 0.96 [] [7,739,248,524] [] []
10 0.92 [] [] [] []
11 1.03 [] [] [] []
12 0.97 [] [] [] []
13 0.71 [] [] [] []
14 1.07 [] [] [] []
15 0.89 [] [] [] []
16 0.91 [] [] [] []
17 1.2 [] [] [] []
18 1.1 [] [] [] []
19 1.33 [] [] [] []
20 0.86 [] [] [] []
21 0.9 [] [871] [] []
22 0.85 [] [] [] []
23 0.93 [] [] [] []
24 0.91 [] [] [] []
25 0.84 [] [] [] []
26 0.73 [] [] [] []
27 0.92 [] [] [] []
28 1.11 [] [] [] []
29 1.0 [] [] [] []
30 0.8 [] [] [] []
31 0.84 [] [] [] [31,194]
32 1.01 [] [] [] []
33 1.04 [] [] [] []
34 1.0 [] [] [] []
35 1.0 [] [] [] []
36 0.9 [] [] [] []
37 0.62 [] [] [] []
38 1.02 [38,21,3,2] [] [] []
39 0.91 [] [] [] []
40 0.88 [] [] [] []
41 0.93 [] [] [] []
42 0.99 [] [] [] []
43 0.91 [] [] [] []
44 0.92 [] [] [] []
45 0.79 [] [120,159] [] []
46 0.99 [] [] [] []
47 0.85 [] [] [] []
48 0.8 [] [] [] []
49 1.01 [] [] [] []
50 0.81 [] [] [] []
51 1.0 [] [] [] []
52 0.95 [] [] [] []
53 1.01 [] [] [] []
54 0.9 [] [289,997,963] [] []
55 0.66 [] [] [] []
56 1.0 [] [] [] []
57 0.89 [] [] [] []
58 0.92 [] [] [] []
59 0.88 [] [] [] []
60 0.99 [] [] [] []
61 1.0 [] [] [] []
62 0.81 [] [] [] []
63 1.02 [] [] [] []
64 0.9 [] [] [] []
65 0.81 [] [] [] []
66 0.94 [] [] [] []
67 0.95 [] [] [] []
68 0.9 [] [] [] []
69 0.91 [] [] [] []
70 0.95 [] [] [] []
71 1.0 [] [] [] []
72 1.22 [] [] [] []
73 0.94 [] [] [] []
74 0.9 [] [] [] []
75 0.96 [] [] [] []
76 1.11 [] [] [] []
77 0.93 [] [] [] []
78 0.93 [] [] [] []
79 0.95 [] [] [] []
80 1.1 [] [] [] []
81 1.0 [] [] [] []
82 0.92 [] [] [] []
83 0.89 [] [] [] []
84 0.9 [] [] [] []
85 0.87 [] [] [] []
86 1.0 [] [] [] []
87 1.28 [] [] [] []
88 2.0 [] [] [] []
89 0.92 [] [] [] []
90 1.0 [] [] [] []
91 0.8 [] [] [] []
92 0.89 [] [] [] []
93 0.92 [] [] [] []
94 0.93 [] [] [] []
95 1.0 [] [] [] []
96 0.94 [] [] [] []
97 1.0 [] [] [] []
98 0.53 [] [] [] []
99 0.9 [] [] [] []
100 0.93 [] [] [] []
101 1.0 [] [] [] []
102 0.93 [] [] [] []
103 0.87 [] [] [] []
104 0.91 [] [] [] []
105 0.89 [] [] [] []
106 0.9 [] [] [] []
107 1.25 [] [] [] []
108 1.0 [] [] [] []
109 0.81 [] [] [] []
110 0.8 [] [] [] []
111 0.97 [] [] [] []
112 0.89 [] [469,816,370,733] [] []
113 0.9 [] [] [] []
114 0.94 [] [] [] []
115 0.9 [] [] [] []
116 0.91 [] [] [] []
117 0.81 [] [] [] []
118 0.94 [] [] [] []
119 0.96 [] [] [] []
120 0.94 [] [159,45] [] []
121 1.01 [] [] [] []
122 0.93 [] [] [] []
123 1.0 [] [] [] []
124 0.93 [] [] [] []
125 1.0 [] [] [] []
126 1.16 [] [] [] []
127 0.93 [] [] [] []
128 0.97 [] [] [] []
129 1.14 [] [] [] []
130 0.98 [] [] [] []
131 1.01 [] [] [] []
132 0.92 [] [] [] []
133 0.85 [] [] [] []
134 0.94 [] [] [] []
135 0.92 [] [] [] []
136 0.85 [] [] [] []
137 2.0 [] [] [] []
138 0.88 [] [] [] []
139 0.88 [] [] [] []
140 0.64 [] [] [] []
141 1.0 [] [] [] []
142 1.02 [] [] [] []
143 1.0 [] [] [] []
144 0.93 [] [] [] []
145 1.02 [] [] [] []
146 0.8 [] [] [] []
147 0.86 [] [] [] []
148 0.92 [] [] [] []
149 1.0 [] [] [] []
150 0.98 [] [] [] []
151 1.1 [] [] [] []
152 1.11 [] [] [] []
153 1.03 [] [] [] []
154 0.95 [] [] [] []
155 0.93 [] [] [] []
156 0.89 [] [] [] []
157 0.97 [] [] [] []
158 1.05 [] [] [] []
159 0.91 [] [120,45] [] []
160 0.97 [] [] [] []
161 0.63 [] [] [] []
162 0.96 [] [] [] []
163 0.94 [] [] [] []
164 0.85 [] [] [] []
165 1.0 [] [] [] []
166 0.92 [] [] [] []
167 0.85 [] [] [] []
168 0.96 [] [] [] []
169 0.95 [] [] [] []
170 0.91 [] [] [] []
171 0.95 [] [230,336,488] [] []
172 0.91 [] [] [] []
173 0.9 [] [] [] []
174 1.25 [] [] [] []
175 0.98 [] [] [] []
176 0.9 [] [] [] []
177 1.0 [] [] [] []
178 1.0 [] [] [] []
179 0.9 [] [] [] []
180 0.85 [] [] [] []
181 0.96 [] [] [] []
182 0.7 [] [] [] []
183 0.86 [] [] [] []
184 0.95 [] [] [] []
185 0.78 [] [] [] []
186 0.87 [] [] [] []
187 0.89 [] [] [] []
188 0.8 [] [] [] []
189 0.83 [] [] [] []
190 1.31 [] [] [] []
191 0.85 [] [835,914,400,225] [] []
192 1.35 [] [] [] []
193 0.85 [] [] [] []
194 1.01 [] [] [] [31,194]
195 0.86 [] [] [] []
196 0.93 [] [] [] []
197 1.0 [] [] [] []
198 0.95 [] [] [] []
199 0.87 [] [] [] []
200 0.86 [] [] [] []
201 1.0 [] [] [] []
202 0.94 [] [] [] []
203 0.87 [] [] [] []
204 0.9 [] [] [] []
205 0.95 [] [] [] []
206 0.88 [] [] [] []
207 0.92 [] [] [] []
208 0.93 [] [] [] []
209 1.0 [] [] [] []
210 0.87 [] [] [] []
211 1.0 [] [] [] []
212 0.83 [] [] [] []
213 0.96 [] [] [] []
214 0.91 [] [] [] []
215 0.95 [] [] [] []
216 0.94 [] [] [] []
217 0.9 [] [] [] []
218 0.9 [] [] [] []
219 0.94 [] [] [] []
220 0.94 [] [] [] []
221 0.98 [] [] [] []
222 0.9 [] [] [] []
223 0.9 [] [] [] []
224 0.8 [] [] [] []
225 0.85 [] [835,914,191,400] [] []
226 1.0 [] [684,367,789,457] [] []
227 1.0 [] [] [] []
228 0.95 [] [] [] []
229 1.0 [] [] [] []
230 0.93 [] [171,336,488] [] []
231 0.81 [] [] [] []
232 0.99 [] [] [] []
233 0.89 [] [] [] []
234 1.05 [] [] [] []
235 0.7 [] [] [] []
236 0.94 [] [] [] []
237 0.97 [] [] [] []
238 0.92 [] [] [] []
239 0.88 [] [] [] []
240 0.8 [] [] [] [491,240,435]
241 1.03 [] [] [] []
242 1.18 [] [] [] []
243 0.84 [] [] [] []
244 0.93 [] [] [] []
245 0.93 [] [] [] []
246 0.86 [] [] [] []
247 0.85 [] [] [] [247]
248 0.91 [] [7,9,739,524] [] []
249 1.16 [] [] [] []
250 0.81 [] [] [] []
251 0.88 [] [] [] []
252 0.92 [] [] [] []
253 0.83 [] [] [] []
254 0.92 [] [] [] []
255 0.98 [] [] [] []
256 0.94 [] [] [] []
257 0.96 [] [] [] []
258 1.04 [] [] [] []
259 0.89 [] [] [] []
260 0.94 [] [] [] []
261 1.0 [] [] [] []
262 0.96 [] [] [] []
263 1.19 [] [] [] []
264 0.9 [] [] [] []
265 0.93 [] [] [] []
266 0.81 [] [] [] []
267 0.92 [] [] [] []
268 1.24 [] [] [] []
269 0.95 [] [] [] []
270 1.0 [] [] [] []
271 0.82 [] [] [] []
272 0.86 [] [] [] []
273 0.97 [] [] [] []
274 0.9 [] [] [] []
275 1.23 [] [] [] []
276 0.73 [] [] [] []
277 0.87 [] [] [] []
278 0.79 [] [] [] []
279 0.93 [] [] [] []
280 0.94 [] [] [] []
281 1.16 [] [] [] []
282 0.82 [] [] [] []
283 0.89 [] [] [] []
284 0.89 [] [] [] []
285 0.93 [] [] [] []
286 0.99 [] [] [] []
287 0.96 [] [] [] []
288 0.76 [] [] [] []
289 0.86 [] [54,998,963] [] []
290 0.78 [] [] [] []
291 0.79 [] [] [] []
292 0.85 [] [] [] []
293 0.89 [] [] [] []
294 1.0 [] [] [] []
295 0.72 [] [] [] []
296 0.93 [] [] [] []
297 0.87 [] [] [] []
298 0.82 [] [] [] []
299 0.77 [] [] [] []
300 0.92 [] [] [] []
301 0.94 [] [] [] []
302 1.09 [] [] [] []
303 0.96 [] [] [] []
304 1.19 [] [] [] []
305 1.01 [] [] [] []
306 0.97 [] [] [] []
307 1.16 [] [] [] []
308 1.09 [] [] [] []
309 0.89 [] [] [] []
310 0.82 [] [] [] []
311 0.86 [] [] [] []
312 1.0 [] [] [] []
313 0.83 [] [] [] []
314 0.87 [] [] [] []
315 0.89 [] [] [] []
316 0.93 [] [] [] []
317 0.75 [] [] [] []
318 0.86 [] [] [] []
319 1.16 [] [] [] []
320 0.85 [] [] [] []
321 0.94 [] [] [] []
322 0.86 [] [] [] []
323 0.9 [] [] [] []
324 0.98 [] [] [] []
325 1.09 [] [] [] []
326 1.19 [] [] [] []
327 0.96 [] [] [] []
328 1.0 [] [] [] []
329 0.79 [] [] [] []
330 0.92 [] [] [364,558] []
331 0.89 [] [] [] []
332 1.04 [] [] [] []
333 1.03 [] [] [] []
334 1.0 [] [] [] []
335 1.33 [] [] [] []
336 0.88 [] [230,171,488] [] []
337 0.85 [] [] [] []
338 1.0 [] [] [] []
339 0.76 [] [] [] []
340 1.16 [] [] [] []
341 0.93 [] [] [] []
342 1.0 [] [] [] []
343 0.9 [] [] [] []
344 0.86 [] [] [] []
345 0.96 [] [] [] []
346 0.96 [] [] [] []
347 1.09 [] [] [] []
348 1.11 [] [] [] []
349 0.88 [] [] [] []
350 0.95 [] [] [] []
351 1.04 [] [] [] []
352 0.91 [] [] [] []
353 0.91 [] [] [] []
354 1.04 [] [] [] []
355 0.94 [] [] [] []
356 0.98 [] [] [] []
357 0.86 [] [] [] []
358 0.93 [] [] [] []
359 1.0 [] [] [] []
360 0.88 [] [] [] []
361 0.93 [] [] [] []
362 1.0 [] [] [] []
363 1.0 [] [] [] []
364 0.84 [] [] [330,558] []
365 0.95 [] [] [] []
366 0.81 [] [] [] []
367 0.94 [] [684,789,457,226] [] []
368 1.09 [] [] [] []
369 0.72 [] [] [] []
370 0.91 [] [469,816,112,733] [] []
371 1.01 [] [] [] []
372 0.95 [] [] [] []
373 0.97 [] [] [] []
374 0.91 [] [] [] []
375 1.24 [] [] [] []
376 1.0 [] [] [] []
377 0.87 [] [] [] []
378 0.88 [] [] [] []
379 0.96 [] [] [] []
380 0.92 [] [] [] []
381 1.11 [] [] [] []
382 0.92 [] [] [] []
383 0.95 [] [] [] []
384 0.91 [] [] [] []
385 0.91 [] [] [] []
386 1.07 [] [] [] []
387 0.95 [] [] [] []
388 0.9 [] [] [] []
389 0.93 [] [] [] []
390 0.9 [] [] [] []
391 0.85 [] [] [] []
392 0.95 [] [] [] []
393 0.77 [] [] [] []
394 1.24 [] [] [] []
395 0.85 [] [] [] []
396 0.86 [] [] [] []
397 0.88 [] [] [] []
398 0.93 [] [] [] []
399 0.84 [] [] [] []
400 0.9 [] [835,914,191,225] [] []
401 1.0 [] [] [] []
402 0.97 [] [] [] []
403 0.99 [] [] [] []
404 1.0 [] [] [] []
405 0.89 [] [] [] []
406 0.93 [] [] [] []
407 0.97 [] [] [] []
408 1.0 [] [] [] []
409 0.91 [] [] [] []
410 0.82 [] [] [] []
411 1.0 [] [] [] []
412 0.98 [] [] [] []
413 0.76 [] [] [] []
414 0.82 [] [] [] []
415 0.97 [] [] [] []
416 0.86 [] [] [] []
417 1.17 [] [] [] []
418 0.97 [] [] [] []
419 1.05 [] [] [] []
420 0.96 [] [] [] []
421 0.98 [] [] [] []
422 1.04 [] [] [] []
423 0.86 [] [] [] []
424 0.9 [] [] [] []
425 0.92 [] [769,788,929] [] []
426 0.81 [] [] [] []
427 0.92 [] [] [] []
428 0.89 [] [] [] []
429 1.4 [] [] [] []
430 0.92 [] [] [] []
431 1.0 [] [] [] []
432 0.91 [] [] [] []
433 0.92 [] [] [] [433]
434 1.02 [] [] [] []
435 0.94 [] [] [] [491,240,435]
436 0.91 [] [] [] []
437 1.13 [] [] [] []
438 0.9 [] [] [] []
439 0.97 [] [] [] []
440 1.02 [] [] [] []
441 0.9 [] [] [] []
442 1.0 [] [] [] []
443 1.14 [] [] [] []
444 0.78 [] [] [] []
445 0.86 [] [] [] []
446 1.28 [] [] [] []
447 1.22 [] [] [] []
448 0.93 [] [] [] []
449 0.88 [] [] [] []
450 1.0 [] [] [] []
451 1.0 [] [] [] []
452 0.94 [] [] [] []
453 0.92 [] [] [] []
454 0.9 [] [] [] []
455 0.87 [] [] [] []
456 0.94 [] [] [] []
457 1.23 [] [684,367,789,226] [] []
458 1.01 [] [] [] []
459 0.83 [] [] [] []
460 0.84 [] [] [] []
461 0.99 [] [] [] []
462 1.0 [] [] [] []
463 1.0 [] [] [] []
464 0.88 [] [] [] []
465 1.14 [] [] [] []
466 1.0 [] [] [] []
467 0.87 [] [] [] []
468 1.33 [] [] [] []
469 0.87 [] [816,112,370,733] [] []
470 0.8 [] [] [] []
471 1.01 [] [] [] [890,471]
472 0.9 [] [] [] [893,776,827,472]
473 0.9 [] [] [] []
474 0.91 [] [] [] []
475 0.89 [] [] [] []
476 0.9 [] [] [] []
477 1.0 [] [] [] []
478 0.84 [] [] [] []
479 0.81 [] [] [] []
480 1.0 [] [] [] []
481 0.83 [] [] [] []
482 0.93 [] [] [] []
483 0.9 [] [] [] []
484 0.93 [] [] [] []
485 0.87 [] [] [] []
486 0.72 [] [] [] []
487 0.85 [] [] [] []
488 0.86 [] [230,171,336] [] []
489 0.97 [] [] [] []
490 0.86 [] [] [] []
491 0.81 [] [] [] [491,240,435]
492 1.0 [] [] [] []
493 0.92 [] [] [] []
494 0.95 [] [] [] []
495 1.02 [] [] [] []
496 0.9 [] [] [] []
497 1.0 [] [] [] []
498 0.86 [] [] [] []
499 0.83 [] [] [] []
500 1.03 [] [] [] []
501 0.75 [] [] [] []
502 1.07 [] [] [] []
503 0.79 [] [616,780,681] [] []
504 0.8 [] [] [] []
505 1.04 [] [] [] []
506 0.94 [] [] [] []
507 0.89 [] [] [] []
508 0.89 [] [] [] []
509 0.93 [] [] [] []
510 1.0 [] [] [] []
511 0.77 [] [] [] []
512 0.76 [] [] [] []
513 0.92 [] [] [] []
514 1.18 [] [] [] []
515 0.76 [] [] [] []
516 0.98 [] [] [] []
517 0.82 [] [] [] []
518 0.82 [] [] [] []
519 1.0 [] [] [] []
520 0.96 [] [] [] []
521 0.86 [] [] [] []
522 0.51 [] [] [] []
523 1.0 [] [] [] []
524 1.0 [] [7,9,739,248] [] []
525 0.92 [] [] [] []
526 1.02 [] [] [] []
527 1.01 [] [] [] []
528 0.9 [] [] [] []
529 1.01 [] [] [] []
530 0.88 [] [] [] []
531 0.85 [] [] [] []
532 0.86 [] [] [] []
533 0.98 [] [] [] []
534 0.98 [] [] [] []
535 0.91 [] [] [] []
536 1.0 [] [] [] []
537 0.87 [] [] [] []
538 0.85 [] [370] [] []
539 0.89 [] [] [] []
540 0.89 [] [] [] []
541 1.0 [] [] [] []
542 1.08 [] [699,712] [] []
543 0.86 [] [] [] []
544 0.96 [] [] [] []
545 1.34 [] [] [] []
546 0.89 [] [] [] []
547 0.77 [] [] [] []
548 1.26 [] [] [] []
549 0.99 [] [] [] []
550 1.0 [] [] [] []
551 0.85 [] [] [] []
552 0.95 [] [] [] []
553 0.8 [] [] [] []
554 0.93 [] [] [] []
555 0.79 [] [] [] []
556 0.93 [] [] [] []
557 0.91 [] [] [] []
558 0.87 [] [] [330,364] []
559 0.87 [] [] [] []
560 1.2 [] [] [] []
561 0.72 [] [] [] []
562 0.98 [] [] [] []
563 1.05 [] [] [] []
564 0.87 [] [] [] []
565 1.03 [] [] [] []
566 1.19 [] [] [] []
567 1.05 [] [] [] []
568 0.96 [] [] [] []
569 0.8 [] [] [663,779] []
570 0.96 [] [] [] []
571 0.94 [] [] [] []
572 0.94 [] [] [] []
573 1.03 [] [] [] []
574 1.0 [] [] [] []
575 0.88 [] [] [] []
576 0.86 [] [] [] []
577 1.0 [] [] [] []
578 0.95 [] [] [] []
579 0.86 [] [] [] []
580 0.78 [] [] [] []
581 0.94 [] [] [] []
582 0.99 [] [] [] []
583 0.86 [] [] [] []
584 1.0 [] [] [] []
585 1.0 [] [] [] []
586 0.93 [] [] [] []
587 0.98 [] [] [] []
588 1.08 [] [] [] []
589 0.99 [] [] [] []
590 1.01 [] [] [] []
591 1.07 [] [] [] []
592 0.98 [] [] [] []
593 0.83 [] [] [] []
594 0.95 [] [] [] []
595 1.0 [] [] [] []
596 1.01 [] [] [] []
597 0.93 [] [] [] []
598 0.97 [] [] [] []
599 0.96 [] [] [] []
600 1.2 [] [] [] []
601 0.9 [] [] [] []
602 0.93 [] [] [] []
603 0.83 [] [] [] []
604 0.96 [] [] [] []
605 0.98 [] [] [] []
606 0.93 [] [] [] []
607 0.95 [] [] [] []
608 0.93 [] [] [] []
609 0.83 [] [] [] []
610 0.94 [] [] [] []
611 0.77 [] [] [] []
612 0.92 [] [] [] []
613 1.0 [] [] [] []
614 0.86 [] [] [] []
615 0.88 [] [] [] []
616 0.96 [] [780,503,681] [] []
617 1.0 [] [] [] []
618 0.86 [] [] [] []
619 0.95 [] [] [] []
620 0.91 [] [] [] []
621 1.33 [] [] [] []
622 0.88 [] [] [] []
623 1.0 [] [] [] []
624 0.92 [] [] [] []
625 0.83 [] [] [] []
626 1.0 [] [] [] []
627 1.0 [] [] [] []
628 1.25 [] [] [] []
629 0.77 [] [] [] []
630 1.22 [] [] [] []
631 1.12 [] [] [] []
632 0.93 [] [] [] []
633 0.95 [] [] [658] []
634 1.02 [] [] [] []
635 0.86 [] [] [] []
636 0.94 [] [] [] []
637 0.93 [] [] [] []
638 0.82 [] [] [] []
639 0.9 [] [] [] []
640 1.19 [] [] [] []
641 1.05 [] [] [] []
642 0.98 [] [] [] []
643 0.8 [] [] [] []
644 0.97 [] [] [] []
645 1.17 [] [] [] []
646 0.93 [] [] [] []
647 1.0 [] [] [] []
648 0.92 [] [] [] []
649 0.87 [] [] [] []
650 1.0 [] [] [] []
651 1.0 [] [] [] []
652 0.88 [] [] [] []
653 0.96 [] [] [] []
654 0.98 [] [] [] []
655 0.94 [] [] [] []
656 0.96 [] [] [] []
657 2.01 [] [] [] []
658 1.0 [] [] [633] []
659 0.71 [] [] [] []
660 0.8 [] [] [] []
661 0.66 [] [] [] []
662 0.93 [] [] [] []
663 1.02 [] [] [569,779] []
664 0.98 [] [] [] []
665 0.89 [] [] [] []
666 0.97 [] [] [] []
667 0.87 [] [] [] []
668 0.95 [] [] [] []
669 0.89 [] [] [] []
670 0.89 [] [] [] []
671 0.9 [] [] [] []
672 0.93 [] [] [] []
673 0.95 [] [] [] []
674 1.33 [] [] [] []
675 1.01 [] [] [] []
676 0.92 [] [] [] []
677 0.93 [] [] [] []
678 0.96 [] [] [] []
679 0.95 [] [] [] [679]
680 0.96 [] [] [] []
681 0.81 [] [616,780,503] [] []
682 0.93 [] [] [] []
683 0.94 [] [] [] []
684 0.87 [] [367,789,457,226] [] []
685 0.96 [] [] [] []
686 0.78 [] [] [] []
687 0.9 [] [] [] []
688 0.85 [] [] [] []
689 0.8 [] [] [] []
690 1.97 [] [] [] []
691 1.96 [] [] [] []
692 1.95 [] [] [] []
693 2.04 [] [] [] []
694 1.85 [] [] [] []
695 1.93 [] [] [] []
696 1.85 [] [] [] []
697 2.0 [] [] [] []
698 1.91 [] [] [] []
699 1.87 [] [542,712] [] []
700 1.82 [] [] [] []
701 1.83 [] [] [756,959] []
702 1.93 [] [] [] []
703 1.96 [] [] [] []
704 1.89 [] [] [] []
705 1.95 [] [] [] []
706 2.04 [] [] [] []
707 1.89 [] [] [] []
708 1.84 [] [] [] []
709 1.85 [] [] [] []
710 2.03 [] [] [] []
711 1.83 [] [] [] []
712 1.72 [] [542,699] [] []
713 2.03 [] [] [] []
714 1.98 [] [] [] []
715 1.8 [] [] [] []
716 1.93 [] [] [] []
717 1.95 [] [] [] []
718 1.83 [] [] [] []
719 1.58 [] [] [] []
720 1.61 [] [] [] []
721 1.68 [] [] [] []
722 1.82 [] [] [] []
723 0.96 [] [] [] []
724 0.93 [] [] [] []
725 1.0 [] [] [] []
726 0.95 [] [] [] []
727 1.14 [] [] [] []
728 1.0 [] [] [] []
729 1.0 [] [] [] []
730 0.97 [] [] [] []
731 0.91 [] [] [] []
732 0.87 [] [] [] []
733 0.96 [] [469,816,112,370] [] []
734 1.11 [] [] [] []
735 0.82 [] [] [] []
736 0.94 [] [] [] []
737 0.92 [] [] [] []
738 0.91 [] [] [] []
739 0.96 [] [7,9,248,524] [] []
740 0.96 [] [] [] []
741 0.99 [] [] [] []
742 0.94 [] [] [] []
743 0.96 [] [] [] []
744 0.88 [] [] [] []
745 1.0 [] [] [] []
746 0.95 [] [] [] []
747 0.9 [] [] [] []
748 0.99 [] [] [] []
749 1.0 [] [] [] []
750 2.0 [] [] [] []
751 0.95 [] [] [] []
752 0.86 [] [] [] []
753 0.92 [] [] [] []
754 0.87 [] [] [] []
755 1.02 [] [] [] []
756 0.89 [] [] [959,701] []
757 1.0 [] [] [] []
758 0.99 [] [] [] []
759 1.0 [] [] [] []
760 1.12 [] [] [] []
761 1.09 [] [] [] []
762 0.71 [] [] [] []
763 0.8 [] [] [] []
764 0.96 [] [] [] []
765 0.84 [] [] [] []
766 0.93 [] [] [] []
767 1.0 [] [] [] []
768 0.86 [] [] [] []
769 0.92 [] [425,788,929] [] []
770 1.02 [] [] [] []
771 0.94 [] [] [] []
772 1.09 [] [] [] []
773 1.0 [] [] [] []
774 2.0 [] [] [] []
775 0.93 [] [] [] []
776 1.11 [] [] [] [893,776,827,472]
777 0.88 [] [] [] []
778 0.9 [] [] [] []
779 0.85 [] [] [663,569] []
780 0.71 [] [616,503,681] [] []
781 0.76 [] [] [] []
782 0.98 [] [] [] []
783 0.97 [] [] [] []
784 1.0 [] [] [] []
785 0.87 [] [] [] []
786 1.0 [] [] [] []
787 0.97 [] [] [] []
788 0.86 [] [769,425,929] [] []
789 0.87 [] [684,367,457,226] [] []
790 0.93 [] [] [] []
791 1.0 [] [] [] []
792 1.11 [] [] [] []
793 0.87 [] [] [] []
794 0.96 [] [] [] []
795 1.34 [] [] [] []
796 0.96 [] [] [] []
797 0.91 [] [] [] []
798 0.89 [] [] [] [798]
799 0.87 [] [] [] []
800 0.92 [] [] [] []
801 1.27 [] [] [] []
802 0.8 [] [] [] []
803 0.89 [] [] [] []
804 0.88 [] [] [] []
805 0.9 [] [] [] []
806 1.0 [] [] [] []
807 0.95 [] [] [] []
808 0.85 [] [] [] []
809 1.0 [] [] [] []
810 1.0 [] [] [] []
811 0.79 [] [] [] []
812 0.91 [] [] [] []
813 0.91 [] [] [] []
814 0.72 [] [] [] []
815 0.99 [] [] [] []
816 0.91 [] [469,112,370,733] [] []
817 1.04 [] [] [] []
818 0.86 [] [] [] []
819 0.91 [] [] [] []
820 0.93 [] [] [] []
821 0.9 [] [] [] []
822 1.0 [] [] [] []
823 1.35 [] [] [] []
824 1.15 [] [] [] []
825 0.71 [] [] [] []
826 0.87 [] [] [] []
827 0.75 [] [] [] [893,776,827,472]
828 1.16 [] [] [] []
829 0.89 [] [] [] []
830 1.06 [] [] [] []
831 0.96 [] [] [] []
832 0.9 [] [] [] []
833 0.76 [] [] [] []
834 0.8 [] [] [] []
835 0.98 [] [914,191,400,225] [] []
836 0.94 [] [] [] []
837 1.0 [] [] [] []
838 0.87 [] [] [] []
839 1.0 [] [] [] []
840 0.94 [] [] [] []
841 0.77 [] [] [] []
842 0.96 [] [] [] []
843 0.88 [] [] [] []
844 0.99 [] [] [] []
845 0.97 [] [] [] []
846 0.96 [] [] [] []
847 0.8 [] [] [] []
848 0.94 [] [] [] []
849 0.85 [] [] [] []
850 1.01 [] [] [] []
851 0.93 [] [] [] []
852 1.03 [] [] [] []
853 1.02 [] [] [] []
854 0.91 [] [] [] []
855 0.94 [] [] [] []
856 0.97 [] [] [] []
857 1.0 [] [] [] []
858 0.9 [] [] [] []
859 0.93 [] [] [] []
860 1.0 [] [] [] []
861 0.91 [] [] [] []
862 0.93 [] [] [] []
863 0.88 [] [] [] []
864 0.89 [] [] [] []
865 0.94 [] [] [] []
866 0.86 [] [] [] []
867 0.72 [] [] [] []
868 1.0 [] [] [] []
869 1.0 [] [] [] []
870 0.87 [] [] [] []
871 0.94 [] [21] [] []
872 1.16 [] [] [] []
873 0.84 [] [] [] []
874 0.96 [] [] [] []
875 1.01 [] [] [] []
876 0.9 [] [] [] []
877 0.66 [] [] [] []
878 0.92 [] [] [] []
879 0.95 [] [] [] []
880 0.97 [] [] [] []
881 0.89 [] [] [] []
882 0.9 [] [] [] []
883 0.97 [] [] [] []
884 0.66 [] [] [] []
885 1.0 [] [] [] []
886 1.06 [] [] [] []
887 1.02 [] [] [] []
888 0.93 [] [] [] []
889 0.78 [] [] [] []
890 0.89 [] [] [] [890,471]
891 1.0 [] [] [] []
892 0.91 [] [] [] []
893 0.92 [] [] [] [893,776,827,472]
894 1.05 [] [] [] []
895 0.92 [] [] [] []
896 1.0 [] [] [] []
897 1.23 [] [] [] []
898 1.0 [] [] [] []
899 0.9 [] [] [] []
900 0.9 [] [] [] []
901 1.17 [] [] [] []
902 0.95 [] [] [] []
903 0.94 [] [] [] []
904 0.9 [] [] [] []
905 0.92 [] [] [] []
906 0.88 [] [] [] []
907 1.01 [] [] [] []
908 1.06 [] [] [] []
909 0.97 [] [] [] []
910 1.02 [] [] [] []
911 0.75 [] [] [] []
912 0.74 [] [] [] []
913 0.91 [] [] [] []
914 0.91 [] [835,191,400,225] [] []
915 0.9 [] [] [] []
916 0.76 [] [] [8] []
917 0.92 [] [] [] []
918 0.84 [] [] [] []
919 0.98 [] [] [] []
920 0.96 [] [] [] []
921 1.0 [] [] [] []
922 0.94 [] [] [] []
923 0.93 [] [] [] []
924 1.0 [] [] [] []
925 0.79 [] [] [] []
926 1.0 [] [] [] []
927 0.94 [] [] [] []
928 0.95 [] [] [] []
929 0.92 [] [769,425,788] [] []
930 0.82 [] [] [] []
931 0.67 [] [] [] []
932 0.91 [] [] [] []
933 0.85 [] [] [] []
934 0.92 [] [] [] []
935 1.02 [] [] [] []
936 0.78 [] [] [] []
937 0.9 [] [] [] []
938 0.91 [] [] [] []
939 0.95 [] [] [] []
940 0.63 [] [] [] []
941 0.92 [] [] [] []
942 0.97 [] [] [] []
943 0.81 [] [] [] []
944 0.88 [] [] [] []
945 1.01 [] [] [] []
946 1.0 [] [] [] []
947 1.06 [] [] [] []
948 0.96 [] [] [] []
949 0.97 [] [] [] []
950 0.93 [] [] [] []
951 0.97 [] [] [] []
952 0.86 [] [] [] []
953 0.87 [] [] [] []
954 0.94 [] [] [] []
955 1.06 [] [] [] []
956 0.97 [] [] [] []
957 1.12 [] [] [] []
958 0.84 [] [] [] []
959 1.04 [] [] [756,701] []
960 0.83 [] [] [] []
961 0.94 [] [] [] []
962 1.06 [] [] [] []
963 0.91 [] [54,289,998] [] []
964 0.93 [] [] [] []
965 0.85 [] [] [] []
966 0.93 [] [] [] []
967 0.9 [] [] [] []
968 1.0 [] [] [] []
969 0.89 [] [] [] []
970 0.9 [] [] [] []
971 0.92 [] [] [] []
972 0.93 [] [] [] []
973 0.96 [] [] [] []
974 1.0 [] [] [] []
975 1.04 [] [] [] []
976 0.91 [] [] [] []
977 0.91 [] [] [] []
978 0.85 [] [] [] []
979 0.76 [] [] [] []
980 0.93 [] [] [] []
981 0.8 [] [] [] []
982 1.0 [] [] [] []
983 0.92 [] [] [] []
984 0.97 [] [] [] []
985 0.84 [] [] [] []
986 0.97 [] [] [] []
987 0.85 [] [] [] []
988 0.93 [] [] [] []
989 0.9 [] [] [] []
990 0.82 [] [] [] []
991 0.96 [] [] [] []
992 0.91 [] [] [] []
993 1.0 [] [] [] []
994 0.95 [] [] [] []
995 0.7 [] [] [] []
996 0.63 [] [] [] []
997 0.87 [] [] [] []
998 1.38 [] [54,289,963] [] []
999 0.97 [] [] [] []
