100
0 4 0.424093392
1 8 0.848186783
2 8 0.848186783
3 8 0.848186783
4 4 0.424093392
5 4 0.424093392
6 8 1.696373567
7 8 0.848186783
8 4 0.424093392
9 8 1.696373567
10 4 0.424093392
11 4 0.424093392
12 8 0.848186783
13 4 0.424093392
14 8 0.848186783
15 8 0.848186783
16 4 0.424093392
17 6 0.424093392
18 4 0.424093392
19 8 0.848186783
20 8 0.848186783
21 4 0.424093392
22 4 0.424093392
23 4 0.424093392
24 4 0.424093392
25 8 0.848186783
26 4 0.424093392
27 8 0.848186783
28 4 0.424093392
29 4 0.424093392
30 4 0.424093392
31 8 0.848186783
32 4 0.424093392
33 4 0.424093392
34 8 0.848186783
35 16 3.180700437
36 4 0.424093392
37 4 0.424093392
38 4 0.424093392
39 8 0.848186783
40 4 0.53011674
41 8 0.848186783
42 4 0.424093392
43 4 0.424093392
44 4 0.424093392
45 4 0.424093392
46 4 0.424093392
47 8 0.848186783
48 4 0.424093392
49 4 0.424093392
50 4 0.424093392
51 4 0.424093392
52 8 0.848186783
53 8 0.848186783
54 4 0.424093392
55 8 0.848186783
56 16 1.696373567
57 4 0.424093392
58 4 0.424093392
59 4 0.424093392
60 8 0.848186783
61 4 0.53011674
62 4 0.424093392
63 4 0.424093392
64 8 0.848186783
65 8 0.848186783
66 8 0.848186783
67 8 0.848186783
68 4 0.424093392
69 8 0.848186783
70 4 0.424093392
71 8 0.848186783
72 8 0.848186783
73 4 0.424093392
74 8 0.848186783
75 8 0.848186783
76 4 0.424093392
77 4 0.424093392
78 4 0.424093392
79 8 0.848186783
80 4 0.424093392
81 4 0.424093392
82 8 1.696373567
83 4 0.424093392
84 8 0.848186783
85 8 0.848186783
86 8 0.848186783
87 8 0.848186783
88 8 0.848186783
89 4 0.424093392
90 4 0.424093392
91 8 0.848186783
92 4 0.424093392
93 4 0.424093392
94 8 0.848186783
95 4 0.424093392
96 8 0.848186783
97 4 0.424093392
98 16 3.180700437
99 4 0.424093392
1000
0 1.5 [] [] [] []
1 0.89 [] [146,672,824,6,730,89,461] [] []
2 0.94 [] [] [146,601,834,635,111,343] []
3 1.0 [] [391,163,414,798,470,637,873,973,944] [321,729,105,261,981,6,205,779,770,418,425] []
4 1.37 [] [] [] [12,260,81,283,462,269,4,451,593,619,832,67,790,845,299,426,561,245,417,48,119,475,774,382,429,808]
5 1.18 [] [78,239,41,616,645,388,116,57] [473,482,921,746,786,729,218,540] []
6 1.0 [] [487,507,517,907,997] [321,729,105,261,981,3,205,779,770,418,425] [951,484,201,48,619,98,607,325,886,931,6,8,262,503,275,322,536,343,923,432,449,123,571,344,272,509,757,313,575,735,599,693,67]
7 0.84 [] [48,393,250,276,975,376,370] [] []
8 0.89 [] [] [] [951,484,201,48,619,98,607,325,886,931,6,8,262,503,275,322,536,343,923,432,449,123,571,344,272,509,757,313,575,735,599,693,67]
9 0.96 [] [] [] []
10 0.92 [] [] [851,145,968,551,626,29,201,287] []
11 1.03 [] [] [895,801,326,870,184,764] []
12 0.97 [] [995,620,509,55,855,972,713] [] [12,260,81,283,462,269,4,451,593,619,832,67,790,845,299,426,561,245,417,48,119,475,774,382,429,808]
13 0.71 [] [533,684,912,780] [] []
14 1.07 [] [] [] []
15 0.89 [] [571,510,937,277,477,130,310,313] [458,467,784,235,572,224,417,76] []
16 0.91 [] [] [] []
17 1.2 [] [] [] []
18 1.1 [] [] [254,168,802,891,387] []
19 1.33 [] [] [837,755,218,286,496,648,988,362,213,972,165] []
20 0.86 [] [] [] []
21 0.9 [] [] [367,790,163,852,945,457,226,922,611,312] []
22 0.85 [] [92,776,73,922] [] []
23 0.93 [] [] [] []
24 0.91 [] [] [] []
25 0.84 [] [93,679,58,942,150,343,743,120] [] []
26 0.73 [] [] [] [160,597,386,395,502,255,783,604,42,324,289,521,26,331,725,210,476,311]
27 0.92 [] [402,764,523,539,781,306,196,739] [197,906,810,566,943,475,321,241,797,56,262] []
28 1.11 [] [] [] []
29 1.0 [] [] [851,145,968,551,626,10,201,287] []
30 0.8 [] [979,59,154,735] [720,323,349,327,761,165,144,602] []
31 0.84 [] [109,49,278,433,945,966,297,773,898] [] []
32 1.01 [] [588,993,228,42] [] [348,763,118,823,598,381,234,183,687,264,550,700,807,844,518,89,779,362,245,988,32,966,533]
33 1.04 [] [] [] []
34 1.0 [] [] [669,367,433,560,630,105,768,603,637,559,990] []
35 1.0 [] [] [] []
36 0.9 [] [] [] []
37 0.62 [] [610,842,181,151,238,801,1] [] []
38 1.02 [] [] [] []
39 0.91 [] [422,736,430,947,955,792] [318,146,638,980,608,171,590,184,360,660] []
40 0.88 [] [] [] []
41 0.93 [] [78,239,616,5,645,388,116,57] [] []
42 0.99 [] [588,32,993,228] [] [160,597,386,395,502,255,783,604,42,324,289,521,26,331,725,210,476,311]
43 0.91 [] [820,439,897,869,677] [] []
44 0.92 [] [347,914,725,397,874,61] [247,942,322,930,117,710,944,981] []
45 0.79 [] [] [] []
46 0.99 [] [578,555,327,575,929,435,890,629,444] [] []
47 0.85 [] [] [] []
48 0.8 [] [7,393,250,276,975,376,370] [460,977,771,282,204,929,924,967,444,981,938] [951,484,201,48,619,98,607,325,886,931,6,8,262,503,275,322,536,343,923,432,449,123,571,344,272,509,757,313,575,735,599,693,67]
49 1.01 [] [109,278,31,433,945,966,297,773,898] [] []
50 0.81 [] [680,871,535,919,310,816,268,495] [] []
51 1.0 [] [] [] []
52 0.95 [] [] [] [431,941,293,207,881,153,942,105,428,325,683,302,648,52,443,656,375,451,730,956,458,453,644,209,796,798,749,224,89,544,636,735,697,186,99,532,197]
53 1.01 [] [] [73,666,713,308,695,82,861,279] []
54 0.9 [] [] [] []
55 0.66 [] [995,620,509,12,855,972,713] [] []
56 1.0 [] [] [197,906,810,27,566,943,475,321,241,797,262] []
57 0.89 [] [474,130,936,83] [] []
58 0.92 [] [638,106,382,536,266,632,585] [] []
59 0.88 [] [979,154,735,30] [] []
60 0.99 [] [] [] []
61 1.0 [] [347,914,725,44,397,874] [] []
62 0.81 [] [232,500,597,913,438,638,486] [] []
63 1.02 [] [] [] [4,8,177,919,585,845,815,667,350,393,713,695,742,808,452,219,63,167,413,142,604,135,956,504,387,139,380,241,924,548,254,42,179,978,237,305]
64 0.9 [] [189,989,412,514,244] [] []
65 0.81 [] [832,314,539,943,936,162,172] [] [671,774,839,469,88,794,109,65,398,399,974]
66 0.94 [] [566,227,248,902,694,213,194] [] []
67 0.95 [] [503,401,686,615] [] [951,484,201,48,619,98,607,325,886,931,6,8,262,503,275,322,536,343,923,432,449,123,571,344,272,509,757,313,575,735,599,693,67]
68 0.9 [] [307,229,80,777,939,352,135,731,523] [960,128,130,231,734,92] []
69 0.91 [] [206,3,155,335,39,992,550,763] [] []
70 0.95 [] [556,672,640,91,22,635,748,504] [] [234,984,451,70,362,484,74,836,583,378,989]
71 1.0 [] [746,713,192,943,468,539,415,323,534] [] []
72 1.22 [] [] [] []
73 0.94 [] [92,22,776,922] [666,713,308,695,82,861,53,279] []
74 0.9 [] [] [] [234,984,451,70,362,484,74,836,583,378,989]
75 0.96 [] [833,707,634,926,690,696] [] []
76 1.11 [] [585,833,337,790,550,720,761,646,898] [458,467,784,235,15,572,224,417] []
77 0.93 [] [] [190,975,712,511,970,246,933] []
78 0.93 [] [239,41,616,5,645,388,116,57] [] []
79 0.95 [] [238,827,996,106,192,660,724,397] [] []
80 1.1 [] [307,68,229,777,939,352,135,731,523] [] []
81 1.0 [] [] [] [12,260,81,283,462,269,4,451,593,619,832,67,790,845,299,426,561,245,417,48,119,475,774,382,429,808]
82 0.92 [] [] [73,666,713,308,695,861,53,279] []
83 0.89 [] [474,130,936,57] [] []
84 0.9 [] [329,605,635,314] [98,429,890,430,253,427,719] []
85 0.87 [] [] [] []
86 1.0 [] [] [] []
87 1.28 [] [] [] []
88 2.0 [] [] [] [671,774,839,469,88,794,109,65,398,399,974]
89 0.92 [] [146,672,1,824,6,730,461] [384,816,717,379,620,195,612,497,382] [431,941,293,207,881,153,942,105,428,325,683,302,648,52,443,656,375,451,730,956,458,453,644,209,796,798,749,224,89,544,636,735,697,186,99,532,197]
90 1.0 [] [] [] []
91 0.8 [] [556,672,70,640,22,635,748,504] [] []
92 0.89 [] [22,776,73,922] [960,128,68,130,231,734] []
93 0.92 [] [679,58,942,25,150,343,743,120] [] [992,203,572,470,274,156,107,230,193,708,174,399,464,620,478,423,427,463,93,312,110,663,754]
94 0.93 [] [] [] []
95 1.0 [] [471,106,357,585,975,459] [] []
96 0.94 [] [] [] []
97 1.0 [] [719,997,351,821,99] [] []
98 0.53 [] [] [429,84,890,430,253,427,719] [951,484,201,48,619,98,607,325,886,931,6,8,262,503,275,322,536,343,923,432,449,123,571,344,272,509,757,313,575,735,599,693,67]
99 0.9 [] [596,721,828,745,162,140,859,375,819] [] [431,941,293,207,881,153,942,105,428,325,683,302,648,52,443,656,375,451,730,956,458,453,644,209,796,798,749,224,89,544,636,735,697,186,99,532,197]
100 0.93 [] [] [] []
101 1.0 [] [] [] []
102 0.93 [] [658,502,313,800] [] []
103 0.87 [] [] [] []
104 0.91 [] [] [] []
105 0.89 [] [471,925,294,468,287,944,218,691,880] [669,367,433,560,630,768,603,34,637,559,990] [431,941,293,207,881,153,942,105,428,325,683,302,648,52,443,656,375,451,730,956,458,453,644,209,796,798,749,224,89,544,636,735,697,186,99,532,197]
106 0.9 [] [638,382,536,266,632,58,585] [250,256,321,604,926,324,967,203,646,634,383] []
107 1.25 [] [152,276,470,113,960,765,777,583] [] [992,203,572,470,274,156,107,230,193,708,174,399,464,620,478,423,427,463,93,312,110,663,754]
108 1.0 [] [658,346,374,109,849,276] [] []
109 0.81 [] [658,346,108,374,849,276] [] [671,774,839,469,88,794,109,65,398,399,974]
110 0.8 [] [] [127,704,398,475,156] [992,203,572,470,274,156,107,230,193,708,174,399,464,620,478,423,427,463,93,312,110,663,754]
111 0.97 [] [820,22,176,829,937,513,666] [146,601,2,834,635,343] []
112 0.89 [] [] [] []
113 0.9 [] [152,107,276,470,960,765,777,583] [579,508,139,895,461,777,991,931,953] []
114 0.94 [] [695,41,409,853,860,567] [] []
115 0.9 [] [824,361,578,966,227] [] []
116 0.91 [] [78,239,41,616,5,645,388,57] [584,318,616,439,928,791,263,381] []
117 0.81 [] [] [247,942,44,322,930,710,944,981] []
118 0.94 [] [] [] [348,763,118,823,598,381,234,183,687,264,550,700,807,844,518,89,779,362,245,988,32,966,533]
119 0.96 [] [] [] [12,260,81,283,462,269,4,451,593,619,832,67,790,845,299,426,561,245,417,48,119,475,774,382,429,808]
120 0.94 [] [93,679,58,942,25,150,343,743] [] []
121 1.01 [] [] [] []
122 0.93 [] [889,846,353,565,414,978,481] [] []
123 1.0 [] [] [] [951,484,201,48,619,98,607,325,886,931,6,8,262,503,275,322,536,343,923,432,449,123,571,344,272,509,757,313,575,735,599,693,67]
124 0.93 [] [] [] []
125 1.0 [] [] [] []
126 1.16 [] [] [] []
127 0.93 [] [] [704,110,398,475,156] []
128 0.97 [] [] [960,68,130,231,734,92] []
129 1.14 [] [] [] []
130 0.98 [] [474,936,83,57] [960,128,68,231,734,92] []
131 1.01 [] [421,491,711,474,210,890,470,487] [] []
132 0.92 [] [947,288,931,624,527,151,892] [] []
133 0.85 [] [] [] []
134 0.94 [] [] [] []
135 0.92 [] [307,68,229,80,777,939,352,731,523] [] [4,8,177,919,585,845,815,667,350,393,713,695,742,808,452,219,63,167,413,142,604,135,956,504,387,139,380,241,924,548,254,42,179,978,237,305]
136 0.85 [] [] [590,742,658,604,277,27,174] []
137 2.0 [] [] [] []
138 0.88 [] [] [] []
139 0.88 [] [] [579,508,895,461,113,777,991,931,953] [4,8,177,919,585,845,815,667,350,393,713,695,742,808,452,219,63,167,413,142,604,135,956,504,387,139,380,241,924,548,254,42,179,978,237,305]
140 0.64 [] [99,596,721,828,745,162,859,375,819] [] []
141 1.0 [] [135,328,76,924,775,682,322,733,324] [] []
142 1.02 [] [] [] [4,8,177,919,585,845,815,667,350,393,713,695,742,808,452,219,63,167,413,142,604,135,956,504,387,139,380,241,924,548,254,42,179,978,237,305]
143 1.0 [] [] [] []
144 0.93 [] [] [720,323,349,327,761,165,30,602] []
145 1.02 [] [] [851,968,551,626,10,29,201,287] []
146 0.8 [] [672,1,824,6,730,89,461] [318,39,638,980,608,171,590,184,360,660] []
147 0.86 [] [] [] []
148 0.92 [] [] [] []
149 1.0 [] [] [] []
150 0.98 [] [93,679,58,942,25,343,743,120] [] []
151 1.1 [] [947,288,931,624,527,132,892] [] []
152 1.11 [] [107,276,470,113,960,765,777,583] [] []
153 1.03 [] [] [] [431,941,293,207,881,153,942,105,428,325,683,302,648,52,443,656,375,451,730,956,458,453,644,209,796,798,749,224,89,544,636,735,697,186,99,532,197]
154 0.95 [] [979,59,735,30] [] []
155 0.93 [] [206,3,335,69,39,992,550,763] [] []
156 0.89 [] [] [127,704,110,398,475] [992,203,572,470,274,156,107,230,193,708,174,399,464,620,478,423,427,463,93,312,110,663,754]
157 0.97 [] [] [] []
158 1.05 [] [487,807,954,860,486,844,748,785] [] []
159 0.91 [] [] [] []
160 0.97 [] [290,573,971,572,761] [] [160,597,386,395,502,255,783,604,42,324,289,521,26,331,725,210,476,311]
161 0.63 [] [] [168,307,557,224,382,310,719,755,885,819,740] []
162 0.96 [] [99,596,721,828,745,140,859,375,819] [] []
163 0.94 [] [391,414,798,470,3,637,873,973,944] [367,21,790,852,945,457,226,922,611,312] []
164 0.85 [] [] [] []
165 1.0 [] [] [837,755,218,286,496,648,988,19,362,213,972] []
166 0.92 [] [] [] []
167 0.85 [] [] [] [4,8,177,919,585,845,815,667,350,393,713,695,742,808,452,219,63,167,413,142,604,135,956,504,387,139,380,241,924,548,254,42,179,978,237,305]
168 0.96 [] [] [254,802,891,387,18] []
169 0.95 [] [] [] []
170 0.91 [] [] [] []
171 0.95 [] [] [318,39,146,638,980,608,590,184,360,660] []
172 0.91 [] [832,314,65,539,943,936,162] [] []
173 0.9 [] [] [] []
174 1.25 [] [] [590,742,658,136,604,277,27] [992,203,572,470,274,156,107,230,193,708,174,399,464,620,478,423,427,463,93,312,110,663,754]
175 0.98 [] [] [] []
176 0.9 [] [111,820,22,829,937,513,666] [] []
177 1.0 [] [] [] [4,8,177,919,585,845,815,667,350,393,713,695,742,808,452,219,63,167,413,142,604,135,956,504,387,139,380,241,924,548,254,42,179,978,237,305]
178 1.0 [] [] [931,721,980,606,232,795,245,750] []
179 0.9 [] [] [] [4,8,177,919,585,845,815,667,350,393,713,695,742,808,452,219,63,167,413,142,604,135,956,504,387,139,380,241,924,548,254,42,179,978,237,305]
180 0.85 [] [] [] []
181 0.96 [] [610,842,37,151,238,801,1] [] []
182 0.7 [] [] [] []
183 0.86 [] [1,696,687,828,960,614,700,680] [792,861,230,709,907,207,946,523,612] [348,763,118,823,598,381,234,183,687,264,550,700,807,844,518,89,779,362,245,988,32,966,533]
184 0.95 [] [] [318,39,146,638,980,608,171,590,360,660] []
185 0.78 [] [] [] []
186 0.87 [] [] [] [431,941,293,207,881,153,942,105,428,325,683,302,648,52,443,656,375,451,730,956,458,453,644,209,796,798,749,224,89,544,636,735,697,186,99,532,197]
187 0.89 [] [] [] []
188 0.8 [] [190,199,809,281,579,990] [] []
189 0.83 [] [989,412,64,514,244] [] []
190 1.31 [] [188,199,809,281,579,990] [975,712,511,970,77,246,933] []
191 0.85 [] [] [] []
192 1.35 [] [746,71,713,943,468,539,415,323,534] [] []
193 0.85 [] [] [] [992,203,572,470,274,156,107,230,193,708,174,399,464,620,478,423,427,463,93,312,110,663,754]
194 1.01 [] [66,566,227,248,902,694,213] [] []
195 0.86 [] [] [89,384,816,717,379,620,612,497,382] []
196 0.93 [] [27,402,764,523,539,781,306,739] [] []
197 1.0 [] [] [906,810,27,566,943,475,321,241,797,56,262] [431,941,293,207,881,153,942,105,428,325,683,302,648,52,443,656,375,451,730,956,458,453,644,209,796,798,749,224,89,544,636,735,697,186,99,532,197]
198 0.95 [] [502,30,162,736,579,756,217,834,732] [] []
199 0.87 [] [188,190,809,281,579,990] [] []
200 0.86 [] [] [] []
201 1.0 [] [572,667,403,579,864] [851,145,968,551,626,10,29,287] [951,484,201,48,619,98,607,325,886,931,6,8,262,503,275,322,536,343,923,432,449,123,571,344,272,509,757,313,575,735,599,693,67]
202 0.94 [] [] [] []
203 0.87 [] [273,827,257,592,593,309] [250,256,321,604,926,106,324,967,646,634,383] [992,203,572,470,274,156,107,230,193,708,174,399,464,620,478,423,427,463,93,312,110,663,754]
204 0.9 [] [] [460,977,771,282,929,924,967,444,981,48,938] []
205 0.95 [] [] [321,729,105,261,981,3,6,779,770,418,425] []
206 0.88 [] [660,989,924,950,381,897,332] [] []
207 0.92 [] [] [792,861,230,709,907,183,946,523,612] [431,941,293,207,881,153,942,105,428,325,683,302,648,52,443,656,375,451,730,956,458,453,644,209,796,798,749,224,89,544,636,735,697,186,99,532,197]
208 0.93 [] [] [] []
209 1.0 [] [] [] [431,941,293,207,881,153,942,105,428,325,683,302,648,52,443,656,375,451,730,956,458,453,644,209,796,798,749,224,89,544,636,735,697,186,99,532,197]
210 0.87 [] [131,421,491,711,474,890,470,487] [] [160,597,386,395,502,255,783,604,42,324,289,521,26,331,725,210,476,311]
211 1.0 [] [] [] []
212 0.83 [] [620,780,946,922,688,282,727,502] [] []
213 0.96 [] [870,458,856,491,948] [837,755,218,286,496,648,988,19,362,972,165] []
214 0.91 [] [] [] []
215 0.95 [] [] [] []
216 0.94 [] [] [] []
217 0.9 [] [502,30,162,736,579,756,198,834,732] [] []
218 0.9 [] [471,925,105,294,468,287,944,691,880] [837,755,286,496,648,988,19,362,213,972,165] []
219 0.94 [] [109,248,496,406,426,725,600,486] [] [4,8,177,919,585,845,815,667,350,393,713,695,742,808,452,219,63,167,413,142,604,135,956,504,387,139,380,241,924,548,254,42,179,978,237,305]
220 0.94 [] [] [] []
221 0.98 [] [] [] []
222 0.9 [] [] [] []
223 0.9 [] [] [] []
224 0.8 [] [] [168,307,557,382,310,161,719,755,885,819,740] [431,941,293,207,881,153,942,105,428,325,683,302,648,52,443,656,375,451,730,956,458,453,644,209,796,798,749,224,89,544,636,735,697,186,99,532,197]
225 0.85 [] [] [] []
226 1.0 [] [] [367,21,790,163,852,945,457,922,611,312] []
227 1.0 [] [115,824,361,578,966] [] []
228 0.95 [] [588,32,993,42] [] []
229 1.0 [] [307,68,80,777,939,352,135,731,523] [] []
230 0.93 [] [] [279,809,987,622,254,800] [992,203,572,470,274,156,107,230,193,708,174,399,464,620,478,423,427,463,93,312,110,663,754]
231 0.81 [] [] [960,128,68,130,734,92] []
232 0.99 [] [62,500,597,913,438,638,486] [931,721,178,980,606,795,245,750] []
233 0.89 [] [975,672,871,961] [] []
234 1.05 [] [] [] [234,984,451,70,362,484,74,836,583,378,989]
235 0.7 [] [] [458,467,784,15,572,224,417,76] []
236 0.94 [] [] [] []
237 0.97 [] [459,239,247,529] [] [4,8,177,919,585,845,815,667,350,393,713,695,742,808,452,219,63,167,413,142,604,135,956,504,387,139,380,241,924,548,254,42,179,978,237,305]
238 0.92 [] [610,842,181,37,151,801,1] [] []
239 0.88 [] [459,247,529,237] [] []
240 0.8 [] [] [] []
241 1.03 [] [] [197,906,810,27,566,943,475,321,797,56,262] [4,8,177,919,585,845,815,667,350,393,713,695,742,808,452,219,63,167,413,142,604,135,956,504,387,139,380,241,924,548,254,42,179,978,237,305]
242 1.18 [] [] [] []
243 0.84 [] [] [] []
244 0.93 [] [189,989,412,64,514] [] []
245 0.93 [] [] [931,721,178,980,606,232,795,750] [348,763,118,823,598,381,234,183,687,264,550,700,807,844,518,89,779,362,245,988,32,966,533]
246 0.86 [] [] [190,975,712,511,970,77,933] []
247 0.85 [] [459,239,529,237] [942,44,322,930,117,710,944,981] []
248 0.91 [] [109,496,219,406,426,725,600,486] [] []
249 1.16 [] [] [] []
250 0.81 [] [7,48,393,276,975,376,370] [256,321,604,926,106,324,967,203,646,634,383] []
251 0.88 [] [] [] []
252 0.92 [] [] [] []
253 0.83 [] [] [98,429,84,890,430,427,719] []
254 0.92 [] [] [230,279,809,987,622,800] [4,8,177,919,585,845,815,667,350,393,713,695,742,808,452,219,63,167,413,142,604,135,956,504,387,139,380,241,924,548,254,42,179,978,237,305]
255 0.98 [] [] [] [160,597,386,395,502,255,783,604,42,324,289,521,26,331,725,210,476,311]
256 0.94 [] [] [250,321,604,926,106,324,967,203,646,634,383] []
257 0.96 [] [273,827,592,203,593,309] [] []
258 1.04 [] [353,709,431,952,670,250,710] [] []
259 0.89 [] [] [] []
260 0.94 [] [] [830,590,289,903] [12,260,81,283,462,269,4,451,593,619,832,67,790,845,299,426,561,245,417,48,119,475,774,382,429,808]
261 1.0 [] [] [321,729,105,981,3,6,205,779,770,418,425] []
262 0.96 [] [] [197,906,810,27,566,943,475,321,241,797,56] [951,484,201,48,619,98,607,325,886,931,6,8,262,503,275,322,536,343,923,432,449,123,571,344,272,509,757,313,575,735,599,693,67]
263 1.19 [] [] [584,318,616,439,928,791,381,116] []
264 0.9 [] [] [] [348,763,118,823,598,381,234,183,687,264,550,700,807,844,518,89,779,362,245,988,32,966,533]
265 0.93 [] [] [6,597,628,509,405,84,190,695,735,458,565] []
266 0.81 [] [638,106,382,536,632,58,585] [] []
267 0.92 [] [978,578,829,647,769,942,431] [] []
268 1.24 [] [916,836,416,584,348] [] []
269 0.95 [] [] [] [12,260,81,283,462,269,4,451,593,619,832,67,790,845,299,426,561,245,417,48,119,475,774,382,429,808]
270 1.0 [] [] [] []
271 0.82 [] [] [] []
272 0.86 [] [] [] [951,484,201,48,619,98,607,325,886,931,6,8,262,503,275,322,536,343,923,432,449,123,571,344,272,509,757,313,575,735,599,693,67]
273 0.97 [] [827,257,592,203,593,309] [] []
274 0.9 [] [385,791,882,858,426] [] [992,203,572,470,274,156,107,230,193,708,174,399,464,620,478,423,427,463,93,312,110,663,754]
275 1.23 [] [] [] [951,484,201,48,619,98,607,325,886,931,6,8,262,503,275,322,536,343,923,432,449,123,571,344,272,509,757,313,575,735,599,693,67]
276 0.73 [] [658,346,108,374,109,849] [] []
277 0.87 [] [571,510,937,477,130,310,15,313] [590,742,658,136,604,27,174] []
278 0.79 [] [109,49,31,433,945,966,297,773,898] [] []
279 0.93 [] [423,716,814,918,911,794] [230,809,987,622,254,800] []
280 0.94 [] [] [] []
281 1.16 [] [188,190,199,809,579,990] [] []
282 0.82 [] [620,780,946,922,688,727,502,212] [460,977,771,204,929,924,967,444,981,48,938] []
283 0.89 [] [] [] [12,260,81,283,462,269,4,451,593,619,832,67,790,845,299,426,561,245,417,48,119,475,774,382,429,808]
284 0.89 [] [] [] []
285 0.93 [] [313,966,565,815,296] [] []
286 0.99 [] [] [837,755,218,496,648,988,19,362,213,972,165] []
287 0.96 [] [471,925,105,294,468,944,218,691,880] [410,643,294,831,610,653,964,762,576,936] []
288 0.76 [] [947,931,624,527,132,151,892] [] []
289 0.86 [] [964,542,482,762,783] [830,260,590,903] [160,597,386,395,502,255,783,604,42,324,289,521,26,331,725,210,476,311]
290 0.78 [] [573,971,572,761,160] [] []
291 0.79 [] [] [609,331,731,464,334,533] []
292 0.85 [] [] [] []
293 0.89 [] [] [] [431,941,293,207,881,153,942,105,428,325,683,302,648,52,443,656,375,451,730,956,458,453,644,209,796,798,749,224,89,544,636,735,697,186,99,532,197]
294 1.0 [] [471,925,105,468,287,944,218,691,880] [410,643,831,610,653,964,762,576,287,936] []
295 0.72 [] [] [] []
296 0.93 [] [313,966,565,815,285] [] []
297 0.87 [] [109,49,278,31,433,945,966,773,898] [] []
298 0.82 [] [910,532,378,762,820,330,870,612] [] []
299 0.77 [] [] [] [12,260,81,283,462,269,4,451,593,619,832,67,790,845,299,426,561,245,417,48,119,475,774,382,429,808]
300 0.92 [] [] [] []
301 0.94 [] [] [] []
302 1.09 [] [] [] [431,941,293,207,881,153,942,105,428,325,683,302,648,52,443,656,375,451,730,956,458,453,644,209,796,798,749,224,89,544,636,735,697,186,99,532,197]
303 0.96 [] [] [] []
304 1.19 [] [] [617,305,560,884,893,632,308,897,613] []
305 1.01 [] [] [617,560,884,304,893,632,308,897,613] [4,8,177,919,585,845,815,667,350,393,713,695,742,808,452,219,63,167,413,142,604,135,956,504,387,139,380,241,924,548,254,42,179,978,237,305]
306 0.97 [] [27,402,764,523,539,781,196,739] [] []
307 1.16 [] [68,229,80,777,939,352,135,731,523] [168,557,224,382,310,161,719,755,885,819,740] []
308 1.09 [] [] [73,666,713,695,82,861,53,279] []
309 0.89 [] [273,827,257,592,203,593] [] []
310 0.82 [] [571,510,937,277,477,130,15,313] [168,307,557,224,382,161,719,755,885,819,740] []
311 0.86 [] [] [] [160,597,386,395,502,255,783,604,42,324,289,521,26,331,725,210,476,311]
312 1.0 [] [596,706,619,509,502,658,626] [367,21,790,163,852,945,457,226,922,611] [992,203,572,470,274,156,107,230,193,708,174,399,464,620,478,423,427,463,93,312,110,663,754]
313 0.83 [] [658,502,102,800] [] [951,484,201,48,619,98,607,325,886,931,6,8,262,503,275,322,536,343,923,432,449,123,571,344,272,509,757,313,575,735,599,693,67]
314 0.87 [] [832,65,539,943,936,162,172] [] []
315 0.89 [] [] [] []
316 0.93 [] [584,430,956,546,655,808] [] []
317 0.75 [] [] [] []
318 0.86 [] [] [584,616,439,928,791,263,381,116] []
319 1.16 [] [878,882,533,417,83,781,506,396,281] [] []
320 0.85 [] [] [] []
321 0.94 [] [] [197,906,810,27,566,943,475,241,797,56,262] []
322 0.86 [] [135,328,76,924,775,682,733,141,324] [247,942,44,930,117,710,944,981] [951,484,201,48,619,98,607,325,886,931,6,8,262,503,275,322,536,343,923,432,449,123,571,344,272,509,757,313,575,735,599,693,67]
323 0.9 [] [746,71,713,192,943,468,539,415,534] [720,349,327,761,165,30,144,602] []
324 0.98 [] [135,328,76,924,775,682,322,733,141] [250,256,321,604,926,106,967,203,646,634,383] [160,597,386,395,502,255,783,604,42,324,289,521,26,331,725,210,476,311]
325 1.09 [] [] [] [951,484,201,48,619,98,607,325,886,931,6,8,262,503,275,322,536,343,923,432,449,123,571,344,272,509,757,313,575,735,599,693,67]
326 1.19 [] [] [895,801,870,184,11,764] []
327 0.96 [] [578,555,575,929,435,46,890,629,444] [720,323,349,761,165,30,144,602] []
328 1.0 [] [135,76,924,775,682,322,733,141,324] [] []
329 0.79 [] [605,84,635,314] [] []
330 0.92 [] [910,532,298,378,762,820,870,612] [] []
331 0.89 [] [] [609,731,464,334,291,533] [160,597,386,395,502,255,783,604,42,324,289,521,26,331,725,210,476,311]
332 1.04 [] [660,989,924,206,950,381,897] [] []
333 1.03 [] [] [] []
334 1.0 [] [] [609,331,731,464,291,533] []
335 1.33 [] [206,3,155,69,39,992,550,763] [] []
336 0.88 [] [] [] []
337 0.85 [] [585,833,790,550,76,720,761,646,898] [] []
338 1.0 [] [] [] []
339 0.76 [] [] [] []
340 1.16 [] [] [] []
341 0.93 [] [] [] []
342 1.0 [] [] [] []
343 0.9 [] [93,679,58,942,25,150,743,120] [146,601,2,834,635,111] [951,484,201,48,619,98,607,325,886,931,6,8,262,503,275,322,536,343,923,432,449,123,571,344,272,509,757,313,575,735,599,693,67]
344 0.86 [] [] [] [951,484,201,48,619,98,607,325,886,931,6,8,262,503,275,322,536,343,923,432,449,123,571,344,272,509,757,313,575,735,599,693,67]
345 0.96 [] [] [] []
346 0.96 [] [658,108,374,109,849,276] [] []
347 1.09 [] [914,725,44,397,874,61] [] []
348 1.11 [] [916,836,416,584,268] [] [348,763,118,823,598,381,234,183,687,264,550,700,807,844,518,89,779,362,245,988,32,966,533]
349 0.88 [] [] [720,323,327,761,165,30,144,602] []
350 0.95 [] [] [] [4,8,177,919,585,845,815,667,350,393,713,695,742,808,452,219,63,167,413,142,604,135,956,504,387,139,380,241,924,548,254,42,179,978,237,305]
351 1.04 [] [719,997,821,97,99] [] []
352 0.91 [] [307,68,229,80,777,939,135,731,523] [] []
353 0.91 [] [709,431,952,670,250,258,710] [] []
354 1.04 [] [] [] []
355 0.94 [] [] [] []
356 0.98 [] [] [] []
357 0.86 [] [471,106,585,975,459,95] [] []
358 0.93 [] [] [] []
359 1.0 [] [] [] []
360 0.88 [] [] [318,39,146,638,980,608,171,590,184,660] []
361 0.93 [] [115,824,578,966,227] [] []
362 1.0 [] [] [837,755,218,286,496,648,988,19,213,972,165] [234,984,451,70,362,484,74,836,583,378,989]
363 1.0 [] [] [] []
364 0.84 [] [] [] []
365 0.95 [] [] [] []
366 0.81 [] [] [] []
367 0.94 [] [] [21,790,163,852,945,457,226,922,611,312] []
368 1.09 [] [] [] []
369 0.72 [] [] [] []
370 0.91 [] [7,48,393,250,276,975,376] [] []
371 1.01 [] [] [] []
372 0.95 [] [] [] []
373 0.97 [] [] [] []
374 0.91 [] [658,346,108,109,849,276] [] []
375 1.24 [] [99,596,721,828,745,162,140,859,819] [] [431,941,293,207,881,153,942,105,428,325,683,302,648,52,443,656,375,451,730,956,458,453,644,209,796,798,749,224,89,544,636,735,697,186,99,532,197]
376 1.0 [] [7,48,393,250,276,975,370] [] []
377 0.87 [] [] [] []
378 0.88 [] [910,532,298,762,820,330,870,612] [] [234,984,451,70,362,484,74,836,583,378,989]
379 0.96 [] [] [89,384,816,717,620,195,612,497,382] []
380 0.92 [] [] [] [4,8,177,919,585,845,815,667,350,393,713,695,742,808,452,219,63,167,413,142,604,135,956,504,387,139,380,241,924,548,254,42,179,978,237,305]
381 1.11 [] [660,989,924,206,950,897,332] [584,318,616,439,928,791,263,116] [348,763,118,823,598,381,234,183,687,264,550,700,807,844,518,89,779,362,245,988,32,966,533]
382 0.92 [] [638,106,536,266,632,58,585] [89,384,816,717,379,620,195,612,497] [12,260,81,283,462,269,4,451,593,619,832,67,790,845,299,426,561,245,417,48,119,475,774,382,429,808]
383 0.95 [] [] [250,256,321,604,926,106,324,967,203,646,634] []
384 0.91 [] [] [89,816,717,379,620,195,612,497,382] []
385 0.91 [] [791,882,274,858,426] [] []
386 1.07 [] [] [] [160,597,386,395,502,255,783,604,42,324,289,521,26,331,725,210,476,311]
387 0.95 [] [] [254,168,802,891,18] [4,8,177,919,585,845,815,667,350,393,713,695,742,808,452,219,63,167,413,142,604,135,956,504,387,139,380,241,924,548,254,42,179,978,237,305]
388 0.9 [] [78,239,41,616,5,645,116,57] [] []
389 0.93 [] [] [] []
390 0.9 [] [] [] []
391 0.85 [] [163,414,798,470,3,637,873,973,944] [] []
392 0.95 [] [] [] []
393 0.77 [] [7,48,250,276,975,376,370] [] [4,8,177,919,585,845,815,667,350,393,713,695,742,808,452,219,63,167,413,142,604,135,956,504,387,139,380,241,924,548,254,42,179,978,237,305]
394 1.24 [] [892,470,974,850,837,649] [] []
395 0.85 [] [] [] [160,597,386,395,502,255,783,604,42,324,289,521,26,331,725,210,476,311]
396 0.86 [] [878,882,533,417,83,781,506,319,281] [] []
397 0.88 [] [347,914,725,44,874,61] [] []
398 0.93 [] [] [127,704,110,475,156] [671,774,839,469,88,794,109,65,398,399,974]
399 0.84 [] [] [] [671,774,839,469,88,794,109,65,398,399,974]
400 0.9 [] [] [] []
401 1.0 [] [503,67,686,615] [] []
402 0.97 [] [27,764,523,539,781,306,196,739] [] []
403 0.99 [] [572,667,201,579,864] [] []
404 1.0 [] [] [] []
405 0.89 [] [] [6,597,265,628,509,84,190,695,735,458,565] []
406 0.93 [] [109,248,496,219,426,725,600,486] [] []
407 0.97 [] [] [] []
408 1.0 [] [] [] []
409 0.91 [] [695,114,41,853,860,567] [] []
410 0.82 [] [] [643,294,831,610,653,964,762,576,287,936] []
411 1.0 [] [] [] []
412 0.98 [] [189,989,64,514,244] [] []
413 0.76 [] [] [] [4,8,177,919,585,845,815,667,350,393,713,695,742,808,452,219,63,167,413,142,604,135,956,504,387,139,380,241,924,548,254,42,179,978,237,305]
414 0.82 [] [889,846,353,565,122,978,481] [] []
415 0.97 [] [746,71,713,192,943,468,539,323,534] [] []
416 0.86 [] [605,932,601,452,819,593,657] [] []
417 1.17 [] [878,882,533,83,781,506,319,396,281] [458,467,784,235,15,572,224,76] [12,260,81,283,462,269,4,451,593,619,832,67,790,845,299,426,561,245,417,48,119,475,774,382,429,808]
418 0.97 [] [] [321,729,105,261,981,3,6,205,779,770,425] []
419 1.05 [] [] [] []
420 0.96 [] [] [939,924,996,903] []
421 0.98 [] [131,491,711,474,210,890,470,487] [] []
422 1.04 [] [476,660,550,357,776,777] [] []
423 0.86 [] [716,814,918,279,911,794] [] [992,203,572,470,274,156,107,230,193,708,174,399,464,620,478,423,427,463,93,312,110,663,754]
424 0.9 [] [] [] []
425 0.92 [] [] [321,729,105,261,981,3,6,205,779,770,418] []
426 0.81 [] [385,791,882,274,858] [] [12,260,81,283,462,269,4,451,593,619,832,67,790,845,299,426,561,245,417,48,119,475,774,382,429,808]
427 0.92 [] [] [98,429,84,890,430,253,719] [992,203,572,470,274,156,107,230,193,708,174,399,464,620,478,423,427,463,93,312,110,663,754]
428 0.89 [] [] [] [431,941,293,207,881,153,942,105,428,325,683,302,648,52,443,656,375,451,730,956,458,453,644,209,796,798,749,224,89,544,636,735,697,186,99,532,197]
429 1.4 [] [] [98,84,890,430,253,427,719] [12,260,81,283,462,269,4,451,593,619,832,67,790,845,299,426,561,245,417,48,119,475,774,382,429,808]
430 0.92 [] [422,736,39,947,955,792] [98,429,84,890,253,427,719] []
431 1.0 [] [978,578,267,829,647,769,942] [] [431,941,293,207,881,153,942,105,428,325,683,302,648,52,443,656,375,451,730,956,458,453,644,209,796,798,749,224,89,544,636,735,697,186,99,532,197]
432 0.91 [] [] [] [951,484,201,48,619,98,607,325,886,931,6,8,262,503,275,322,536,343,923,432,449,123,571,344,272,509,757,313,575,735,599,693,67]
433 0.92 [] [109,49,278,31,945,966,297,773,898] [669,367,560,630,105,768,603,34,637,559,990] []
434 1.02 [] [] [] []
435 0.94 [] [919,463,854,346] [] []
436 0.91 [] [] [] []
437 1.13 [] [] [] []
438 0.9 [] [62,232,500,597,913,638,486] [] []
439 0.97 [] [43,820,897,869,677] [584,318,616,928,791,263,381,116] []
440 1.02 [] [] [] []
441 0.9 [] [] [] []
442 1.0 [] [] [] []
443 1.14 [] [] [] [431,941,293,207,881,153,942,105,428,325,683,302,648,52,443,656,375,451,730,956,458,453,644,209,796,798,749,224,89,544,636,735,697,186,99,532,197]
444 0.78 [] [578,555,327,575,929,435,46,890,629] [460,977,771,282,204,929,924,967,981,48,938] []
445 0.86 [] [] [] []
446 1.28 [] [] [] []
447 1.22 [] [] [] []
448 0.93 [] [] [] []
449 0.88 [] [] [] [951,484,201,48,619,98,607,325,886,931,6,8,262,503,275,322,536,343,923,432,449,123,571,344,272,509,757,313,575,735,599,693,67]
450 1.0 [] [] [] []
451 1.0 [] [] [] [431,941,293,207,881,153,942,105,428,325,683,302,648,52,443,656,375,451,730,956,458,453,644,209,796,798,749,224,89,544,636,735,697,186,99,532,197]
452 0.94 [] [605,932,601,416,819,593,657] [] [4,8,177,919,585,845,815,667,350,393,713,695,742,808,452,219,63,167,413,142,604,135,956,504,387,139,380,241,924,548,254,42,179,978,237,305]
453 0.92 [] [] [] [431,941,293,207,881,153,942,105,428,325,683,302,648,52,443,656,375,451,730,956,458,453,644,209,796,798,749,224,89,544,636,735,697,186,99,532,197]
454 0.9 [] [] [] []
455 0.87 [] [] [] []
456 0.94 [] [] [] []
457 1.23 [] [] [367,21,790,163,852,945,226,922,611,312] []
458 1.01 [] [870,213,856,491,948] [467,784,235,15,572,224,417,76] [431,941,293,207,881,153,942,105,428,325,683,302,648,52,443,656,375,451,730,956,458,453,644,209,796,798,749,224,89,544,636,735,697,186,99,532,197]
459 0.83 [] [239,247,529,237] [] []
460 0.84 [] [] [977,771,282,204,929,924,967,444,981,48,938] []
461 0.99 [] [146,672,1,824,6,730,89] [579,508,139,895,113,777,991,931,953] []
462 1.0 [] [] [] [12,260,81,283,462,269,4,451,593,619,832,67,790,845,299,426,561,245,417,48,119,475,774,382,429,808]
463 1.0 [] [435,919,854,346] [] [992,203,572,470,274,156,107,230,193,708,174,399,464,620,478,423,427,463,93,312,110,663,754]
464 0.88 [] [] [609,331,731,334,291,533] [992,203,572,470,274,156,107,230,193,708,174,399,464,620,478,423,427,463,93,312,110,663,754]
465 1.14 [] [] [] []
466 1.0 [] [] [] []
467 0.87 [] [] [458,784,235,15,572,224,417,76] []
468 1.33 [] [471,925,105,294,287,944,218,691,880] [] []
469 0.87 [] [] [] [671,774,839,469,88,794,109,65,398,399,974]
470 0.8 [] [131,421,491,711,474,210,890,487] [] [992,203,572,470,274,156,107,230,193,708,174,399,464,620,478,423,427,463,93,312,110,663,754]
471 1.01 [] [925,105,294,468,287,944,218,691,880] [] []
472 0.9 [] [] [] []
473 0.9 [] [] [482,921,746,786,729,218,540,5] []
474 0.91 [] [131,421,491,711,210,890,470,487] [] []
475 0.89 [] [] [127,704,110,398,156] [12,260,81,283,462,269,4,451,593,619,832,67,790,845,299,426,561,245,417,48,119,475,774,382,429,808]
476 0.9 [] [422,660,550,357,776,777] [] [160,597,386,395,502,255,783,604,42,324,289,521,26,331,725,210,476,311]
477 1.0 [] [571,510,937,277,130,310,15,313] [] []
478 0.84 [] [] [] [992,203,572,470,274,156,107,230,193,708,174,399,464,620,478,423,427,463,93,312,110,663,754]
479 0.81 [] [] [] []
480 1.0 [] [] [] []
481 0.83 [] [889,846,353,565,414,122,978] [] []
482 0.93 [] [964,542,289,762,783] [473,921,746,786,729,218,540,5] []
483 0.9 [] [] [] []
484 0.93 [] [] [] [951,484,201,48,619,98,607,325,886,931,6,8,262,503,275,322,536,343,923,432,449,123,571,344,272,509,757,313,575,735,599,693,67]
485 0.87 [] [] [] []
486 0.72 [] [109,248,496,219,406,426,725,600] [] []
487 0.85 [] [507,517,6,907,997] [] []
488 0.86 [] [] [] []
489 0.97 [] [] [] []
490 0.86 [] [] [] []
491 0.81 [] [870,458,213,856,948] [] []
492 1.0 [] [] [] []
493 0.92 [] [] [] []
494 0.95 [] [] [] []
495 1.02 [] [680,871,535,919,310,50,816,268] [] []
496 0.9 [] [109,248,219,406,426,725,600,486] [837,755,218,286,648,988,19,362,213,972,165] []
497 1.0 [] [] [89,384,816,717,379,620,195,612,382] []
498 0.86 [] [] [] []
499 0.83 [] [] [] []
500 1.03 [] [62,232,597,913,438,638,486] [] []
501 0.75 [] [] [] []
502 1.07 [] [596,706,619,509,658,312,626] [] [160,597,386,395,502,255,783,604,42,324,289,521,26,331,725,210,476,311]
503 0.79 [] [401,67,686,615] [] [951,484,201,48,619,98,607,325,886,931,6,8,262,503,275,322,536,343,923,432,449,123,571,344,272,509,757,313,575,735,599,693,67]
504 0.8 [] [556,672,70,640,91,22,635,748] [] [4,8,177,919,585,845,815,667,350,393,713,695,742,808,452,219,63,167,413,142,604,135,956,504,387,139,380,241,924,548,254,42,179,978,237,305]
505 1.04 [] [] [] []
506 0.94 [] [878,882,533,417,83,781,319,396,281] [] []
507 0.89 [] [487,517,6,907,997] [] []
508 0.89 [] [] [579,139,895,461,113,777,991,931,953] []
509 0.93 [] [596,706,619,502,658,312,626] [6,597,265,628,405,84,190,695,735,458,565] [951,484,201,48,619,98,607,325,886,931,6,8,262,503,275,322,536,343,923,432,449,123,571,344,272,509,757,313,575,735,599,693,67]
510 1.0 [] [571,937,277,477,130,310,15,313] [] []
511 0.77 [] [] [190,975,712,970,77,246,933] []
512 0.76 [] [] [] []
513 0.92 [] [111,820,22,176,829,937,666] [] []
514 1.18 [] [189,989,412,64,244] [] []
515 0.76 [] [] [] []
516 0.98 [] [] [] []
517 0.82 [] [487,507,6,907,997] [] []
518 0.82 [] [] [] [348,763,118,823,598,381,234,183,687,264,550,700,807,844,518,89,779,362,245,988,32,966,533]
519 1.0 [] [] [] []
520 0.96 [] [] [] []
521 0.86 [] [] [] [160,597,386,395,502,255,783,604,42,324,289,521,26,331,725,210,476,311]
522 0.51 [] [] [] []
523 1.0 [] [27,402,764,539,781,306,196,739] [792,861,230,709,907,207,183,946,612] []
524 1.0 [] [] [] []
525 0.92 [] [] [] []
526 1.02 [] [] [] []
527 1.01 [] [947,288,931,624,132,151,892] [] []
528 0.9 [] [] [] []
529 1.01 [] [459,239,247,237] [] []
530 0.88 [] [] [] []
531 0.85 [] [] [] []
532 0.86 [] [910,298,378,762,820,330,870,612] [] [431,941,293,207,881,153,942,105,428,325,683,302,648,52,443,656,375,451,730,956,458,453,644,209,796,798,749,224,89,544,636,735,697,186,99,532,197]
533 0.98 [] [878,882,417,83,781,506,319,396,281] [609,331,731,464,334,291] [348,763,118,823,598,381,234,183,687,264,550,700,807,844,518,89,779,362,245,988,32,966,533]
534 0.98 [] [746,71,713,192,943,468,539,415,323] [] []
535 0.91 [] [680,871,919,310,50,816,268,495] [] []
536 1.0 [] [638,106,382,266,632,58,585] [] [951,484,201,48,619,98,607,325,886,931,6,8,262,503,275,322,536,343,923,432,449,123,571,344,272,509,757,313,575,735,599,693,67]
537 0.87 [] [] [] []
538 0.85 [] [] [] []
539 0.89 [] [832,314,65,943,936,162,172] [] []
540 0.89 [] [] [473,482,921,746,786,729,218,5] []
541 1.0 [] [] [] []
542 1.08 [] [964,289,482,762,783] [] []
543 0.86 [] [] [] []
544 0.96 [] [] [] [431,941,293,207,881,153,942,105,428,325,683,302,648,52,443,656,375,451,730,956,458,453,644,209,796,798,749,224,89,544,636,735,697,186,99,532,197]
545 1.34 [] [] [] []
546 0.89 [] [584,430,956,316,655,808] [] []
547 0.77 [] [] [] []
548 1.26 [] [] [] [4,8,177,919,585,845,815,667,350,393,713,695,742,808,452,219,63,167,413,142,604,135,956,504,387,139,380,241,924,548,254,42,179,978,237,305]
549 0.99 [] [] [] []
550 1.0 [] [585,833,337,790,76,720,761,646,898] [] [348,763,118,823,598,381,234,183,687,264,550,700,807,844,518,89,779,362,245,988,32,966,533]
551 0.85 [] [] [851,145,968,626,10,29,201,287] []
552 0.95 [] [] [] []
553 0.8 [] [] [] []
554 0.93 [] [] [] []
555 0.79 [] [578,327,575,929,435,46,890,629,444] [] []
556 0.93 [] [672,70,640,91,22,635,748,504] [] []
557 0.91 [] [] [168,307,224,382,310,161,719,755,885,819,740] []
558 0.87 [] [] [] []
559 0.87 [] [762,589,930,120,836] [669,367,433,560,630,105,768,603,34,637,990] []
560 1.2 [] [] [617,305,884,304,893,632,308,897,613] []
561 0.72 [] [] [] [12,260,81,283,462,269,4,451,593,619,832,67,790,845,299,426,561,245,417,48,119,475,774,382,429,808]
562 0.98 [] [] [] []
563 1.05 [] [] [] []
564 0.87 [] [] [] []
565 1.03 [] [889,846,353,414,122,978,481] [6,597,265,628,509,405,84,190,695,735,458] []
566 1.19 [] [66,227,248,902,694,213,194] [197,906,810,27,943,475,321,241,797,56,262] []
567 1.05 [] [695,114,41,409,853,860] [] []
568 0.96 [] [] [] []
569 0.8 [] [] [] []
570 0.96 [] [] [] []
571 0.94 [] [510,937,277,477,130,310,15,313] [] [951,484,201,48,619,98,607,325,886,931,6,8,262,503,275,322,536,343,923,432,449,123,571,344,272,509,757,313,575,735,599,693,67]
572 0.94 [] [667,403,201,579,864] [458,467,784,235,15,224,417,76] [992,203,572,470,274,156,107,230,193,708,174,399,464,620,478,423,427,463,93,312,110,663,754]
573 1.03 [] [290,971,572,761,160] [] []
574 1.0 [] [] [] []
575 0.88 [] [578,555,327,929,435,46,890,629,444] [] [951,484,201,48,619,98,607,325,886,931,6,8,262,503,275,322,536,343,923,432,449,123,571,344,272,509,757,313,575,735,599,693,67]
576 0.86 [] [] [410,643,294,831,610,653,964,762,287,936] []
577 1.0 [] [] [] []
578 0.95 [] [978,267,829,647,769,942,431] [] []
579 0.86 [] [572,667,403,201,864] [508,139,895,461,113,777,991,931,953] []
580 0.78 [] [] [] []
581 0.94 [] [] [] []
582 0.99 [] [] [] []
583 0.86 [] [152,107,276,470,113,960,765,777] [] [234,984,451,70,362,484,74,836,583,378,989]
584 1.0 [] [430,956,316,546,655,808] [318,616,439,928,791,263,381,116] []
585 1.0 [] [638,106,382,536,266,632,58] [] [4,8,177,919,585,845,815,667,350,393,713,695,742,808,452,219,63,167,413,142,604,135,956,504,387,139,380,241,924,548,254,42,179,978,237,305]
586 0.93 [] [] [] []
587 0.98 [] [] [] []
588 1.08 [] [32,993,228,42] [] []
589 0.99 [] [762,930,120,836,559] [] []
590 1.01 [] [] [830,260,289,903] []
591 1.07 [] [] [] []
592 0.98 [] [273,827,257,203,593,309] [] []
593 0.83 [] [273,827,257,592,203,309] [] [12,260,81,283,462,269,4,451,593,619,832,67,790,845,299,426,561,245,417,48,119,475,774,382,429,808]
594 0.95 [] [] [] []
595 1.0 [] [] [] []
596 1.01 [] [706,619,509,502,658,312,626] [] []
597 0.93 [] [62,232,500,913,438,638,486] [6,265,628,509,405,84,190,695,735,458,565] [160,597,386,395,502,255,783,604,42,324,289,521,26,331,725,210,476,311]
598 0.97 [] [] [] [348,763,118,823,598,381,234,183,687,264,550,700,807,844,518,89,779,362,245,988,32,966,533]
599 0.96 [] [] [] [951,484,201,48,619,98,607,325,886,931,6,8,262,503,275,322,536,343,923,432,449,123,571,344,272,509,757,313,575,735,599,693,67]
600 1.2 [] [109,248,496,219,406,426,725,486] [] []
601 0.9 [] [605,932,452,416,819,593,657] [146,2,834,635,111,343] []
602 0.93 [] [] [720,323,349,327,761,165,30,144] []
603 0.83 [] [] [669,367,433,560,630,105,768,34,637,559,990] []
604 0.96 [] [] [590,742,658,136,277,27,174] [160,597,386,395,502,255,783,604,42,324,289,521,26,331,725,210,476,311]
605 0.98 [] [932,601,452,416,819,593,657] [] []
606 0.93 [] [] [931,721,178,980,232,795,245,750] []
607 0.95 [] [] [] [951,484,201,48,619,98,607,325,886,931,6,8,262,503,275,322,536,343,923,432,449,123,571,344,272,509,757,313,575,735,599,693,67]
608 0.93 [] [] [318,39,146,638,980,171,590,184,360,660] []
609 0.83 [] [] [331,731,464,334,291,533] []
610 0.94 [] [842,181,37,151,238,801,1] [410,643,294,831,653,964,762,576,287,936] []
611 0.77 [] [] [367,21,790,163,852,945,457,226,922,312] []
612 0.92 [] [910,532,298,378,762,820,330,870] [89,384,816,717,379,620,195,497,382] []
613 1.0 [] [] [617,305,560,884,304,893,632,308,897] []
614 0.86 [] [1,696,687,828,183,960,700,680] [] []
615 0.88 [] [503,401,67,686] [] []
616 0.96 [] [78,239,41,5,645,388,116,57] [584,318,439,928,791,263,381,116] []
617 1.0 [] [] [305,560,884,304,893,632,308,897,613] []
618 0.86 [] [] [] []
619 0.95 [] [596,706,509,502,658,312,626] [] [951,484,201,48,619,98,607,325,886,931,6,8,262,503,275,322,536,343,923,432,449,123,571,344,272,509,757,313,575,735,599,693,67]
620 0.91 [] [780,946,922,688,282,727,502,212] [89,384,816,717,379,195,612,497,382] [992,203,572,470,274,156,107,230,193,708,174,399,464,620,478,423,427,463,93,312,110,663,754]
621 1.33 [] [] [] []
622 0.88 [] [] [230,279,809,987,254,800] []
623 1.0 [] [] [] []
624 0.92 [] [947,288,931,527,132,151,892] [] []
625 0.83 [] [] [] []
626 1.0 [] [596,706,619,509,502,658,312] [851,145,968,551,10,29,201,287] []
627 1.0 [] [] [] []
628 1.25 [] [] [6,597,265,509,405,84,190,695,735,458,565] []
629 0.77 [] [578,555,327,575,929,435,46,890,444] [] []
630 1.22 [] [] [669,367,433,560,105,768,603,34,637,559,990] []
631 1.12 [] [] [] []
632 0.93 [] [638,106,382,536,266,58,585] [617,305,560,884,304,893,308,897,613] []
633 0.95 [] [] [] []
634 1.02 [] [833,75,707,926,690,696] [250,256,321,604,926,106,324,967,203,646,383] []
635 0.86 [] [329,605,84,314] [146,601,2,834,111,343] []
636 0.94 [] [] [] [431,941,293,207,881,153,942,105,428,325,683,302,648,52,443,656,375,451,730,956,458,453,644,209,796,798,749,224,89,544,636,735,697,186,99,532,197]
637 0.93 [] [839,993,813,914] [669,367,433,560,630,105,768,603,34,559,990] []
638 0.82 [] [106,382,536,266,632,58,585] [318,39,146,980,608,171,590,184,360,660] []
639 0.9 [] [] [] []
640 1.19 [] [556,672,70,91,22,635,748,504] [] []
641 1.05 [] [] [] []
642 0.98 [] [] [] []
643 0.8 [] [] [410,294,831,610,653,964,762,576,287,936] []
644 0.97 [] [] [] [431,941,293,207,881,153,942,105,428,325,683,302,648,52,443,656,375,451,730,956,458,453,644,209,796,798,749,224,89,544,636,735,697,186,99,532,197]
645 1.17 [] [78,239,41,616,5,388,116,57] [] []
646 0.93 [] [585,833,337,790,550,76,720,761,898] [250,256,321,604,926,106,324,967,203,634,383] []
647 1.0 [] [978,578,267,829,769,942,431] [] []
648 0.92 [] [] [837,755,218,286,496,988,19,362,213,972,165] [431,941,293,207,881,153,942,105,428,325,683,302,648,52,443,656,375,451,730,956,458,453,644,209,796,798,749,224,89,544,636,735,697,186,99,532,197]
649 0.87 [] [892,394,470,974,850,837] [] []
650 1.0 [] [] [] []
651 1.0 [] [] [] []
652 0.88 [] [] [] []
653 0.96 [] [] [410,643,294,831,610,964,762,576,287,936] []
654 0.98 [] [] [] []
655 0.94 [] [584,430,956,316,546,808] [] []
656 0.96 [] [] [] [431,941,293,207,881,153,942,105,428,325,683,302,648,52,443,656,375,451,730,956,458,453,644,209,796,798,749,224,89,544,636,735,697,186,99,532,197]
657 2.01 [] [605,932,601,452,416,819,593] [] []
658 1.0 [] [596,706,619,509,502,312,626] [590,742,136,604,277,27,174] []
659 0.71 [] [] [] []
660 0.8 [] [476,422,550,357,776,777] [318,39,146,638,980,608,171,590,184,360] []
661 0.66 [] [] [] []
662 0.93 [] [] [] []
663 1.02 [] [] [] [992,203,572,470,274,156,107,230,193,708,174,399,464,620,478,423,427,463,93,312,110,663,754]
664 0.98 [] [] [] []
665 0.89 [] [] [] []
666 0.97 [] [111,820,22,176,829,937,513] [73,713,308,695,82,861,53,279] []
667 0.87 [] [572,403,201,579,864] [] [4,8,177,919,585,845,815,667,350,393,713,695,742,808,452,219,63,167,413,142,604,135,956,504,387,139,380,241,924,548,254,42,179,978,237,305]
668 0.95 [] [] [] []
669 0.89 [] [] [367,433,560,630,105,768,603,34,637,559,990] []
670 0.89 [] [353,709,431,952,250,258,710] [] []
671 0.9 [] [] [] [671,774,839,469,88,794,109,65,398,399,974]
672 0.93 [] [146,1,824,6,730,89,461] [] []
673 0.95 [] [] [] []
674 1.33 [] [] [] []
675 1.01 [] [] [] []
676 0.92 [] [] [] []
677 0.93 [] [43,820,439,897,869] [] []
678 0.96 [] [] [] []
679 0.95 [] [93,58,942,25,150,343,743,120] [] []
680 0.96 [] [1,696,687,828,183,960,614,700] [] []
681 0.81 [] [] [] []
682 0.93 [] [135,328,76,924,775,322,733,141,324] [] []
683 0.94 [] [] [] [431,941,293,207,881,153,942,105,428,325,683,302,648,52,443,656,375,451,730,956,458,453,644,209,796,798,749,224,89,544,636,735,697,186,99,532,197]
684 0.87 [] [13,533,912,780] [] []
685 0.96 [] [] [] []
686 0.78 [] [503,401,67,615] [] []
687 0.9 [] [1,696,828,183,960,614,700,680] [] [348,763,118,823,598,381,234,183,687,264,550,700,807,844,518,89,779,362,245,988,32,966,533]
688 0.85 [] [620,780,946,922,282,727,502,212] [] []
689 0.8 [] [] [] []
690 1.97 [] [833,75,707,634,926,696] [] []
691 1.96 [] [471,925,105,294,468,287,944,218,880] [] []
692 1.95 [] [] [] []
693 2.04 [] [] [] [951,484,201,48,619,98,607,325,886,931,6,8,262,503,275,322,536,343,923,432,449,123,571,344,272,509,757,313,575,735,599,693,67]
694 1.85 [] [66,566,227,248,902,213,194] [] []
695 1.93 [] [114,41,409,853,860,567] [73,666,713,308,82,861,53,279] [4,8,177,919,585,845,815,667,350,393,713,695,742,808,452,219,63,167,413,142,604,135,956,504,387,139,380,241,924,548,254,42,179,978,237,305]
696 1.85 [] [833,75,707,634,926,690] [] []
697 2.0 [] [] [] [431,941,293,207,881,153,942,105,428,325,683,302,648,52,443,656,375,451,730,956,458,453,644,209,796,798,749,224,89,544,636,735,697,186,99,532,197]
698 1.91 [] [] [] []
699 1.87 [] [] [] []
700 1.82 [] [1,696,687,828,183,960,614,680] [] [348,763,118,823,598,381,234,183,687,264,550,700,807,844,518,89,779,362,245,988,32,966,533]
701 1.83 [] [] [] []
702 1.93 [] [] [] []
703 1.96 [] [] [] []
704 1.89 [] [] [127,110,398,475,156] []
705 1.95 [] [] [] []
706 2.04 [] [596,619,509,502,658,312,626] [] []
707 1.89 [] [833,75,634,926,690,696] [] []
708 1.84 [] [] [] [992,203,572,470,274,156,107,230,193,708,174,399,464,620,478,423,427,463,93,312,110,663,754]
709 1.85 [] [353,431,952,670,250,258,710] [792,861,230,907,207,183,946,523,612] []
710 2.03 [] [353,709,431,952,670,250,258] [247,942,44,322,930,117,944,981] []
711 1.83 [] [131,421,491,474,210,890,470,487] [] []
712 1.72 [] [] [190,975,511,970,77,246,933] []
713 2.03 [] [995,620,509,12,55,855,972] [73,666,308,695,82,861,53,279] [4,8,177,919,585,845,815,667,350,393,713,695,742,808,452,219,63,167,413,142,604,135,956,504,387,139,380,241,924,548,254,42,179,978,237,305]
714 1.98 [] [] [] []
715 1.8 [] [] [] []
716 1.93 [] [423,814,918,279,911,794] [] []
717 1.95 [] [] [89,384,816,379,620,195,612,497,382] []
718 1.83 [] [] [] []
719 1.58 [] [997,351,821,97,99] [168,307,557,224,382,310,161,755,885,819,740] []
720 1.61 [] [585,833,337,790,550,76,761,646,898] [323,349,327,761,165,30,144,602] []
721 1.68 [] [99,596,828,745,162,140,859,375,819] [931,178,980,606,232,795,245,750] []
722 1.82 [] [] [] []
723 0.96 [] [] [] []
724 0.93 [] [238,827,996,106,192,660,79,397] [] []
725 1.0 [] [109,248,496,219,406,426,600,486] [] [160,597,386,395,502,255,783,604,42,324,289,521,26,331,725,210,476,311]
726 0.95 [] [] [] []
727 1.14 [] [620,780,946,922,688,282,502,212] [] []
728 1.0 [] [] [] []
729 1.0 [] [] [473,482,921,746,786,218,540,5] []
730 0.97 [] [146,672,1,824,6,89,461] [] [431,941,293,207,881,153,942,105,428,325,683,302,648,52,443,656,375,451,730,956,458,453,644,209,796,798,749,224,89,544,636,735,697,186,99,532,197]
731 0.91 [] [307,68,229,80,777,939,352,135,523] [609,331,464,334,291,533] []
732 0.87 [] [502,30,162,736,579,756,217,198,834] [] []
733 0.96 [] [135,328,76,924,775,682,322,141,324] [] []
734 1.11 [] [] [960,128,68,130,231,92] []
735 0.82 [] [979,59,154,30] [6,597,265,628,509,405,84,190,695,458,565] [951,484,201,48,619,98,607,325,886,931,6,8,262,503,275,322,536,343,923,432,449,123,571,344,272,509,757,313,575,735,599,693,67]
736 0.94 [] [422,430,39,947,955,792] [] []
737 0.92 [] [] [] []
738 0.91 [] [] [] []
739 0.96 [] [27,402,764,523,539,781,306,196] [] []
740 0.96 [] [] [168,307,557,224,382,310,161,719,755,885,819] []
741 0.99 [] [] [] []
742 0.94 [] [] [590,658,136,604,277,27,174] [4,8,177,919,585,845,815,667,350,393,713,695,742,808,452,219,63,167,413,142,604,135,956,504,387,139,380,241,924,548,254,42,179,978,237,305]
743 0.96 [] [93,679,58,942,25,150,343,120] [] []
744 0.88 [] [] [] []
745 1.0 [] [99,596,721,828,162,140,859,375,819] [] []
746 0.95 [] [71,713,192,943,468,539,415,323,534] [473,482,921,786,729,218,540,5] []
747 0.9 [] [] [] []
748 0.99 [] [487,807,954,860,486,158,844,785] [] []
749 1.0 [] [] [] [431,941,293,207,881,153,942,105,428,325,683,302,648,52,443,656,375,451,730,956,458,453,644,209,796,798,749,224,89,544,636,735,697,186,99,532,197]
750 2.0 [] [] [931,721,178,980,606,232,795,245] []
751 0.95 [] [] [] []
752 0.86 [] [] [] []
753 0.92 [] [] [] []
754 0.87 [] [] [] [992,203,572,470,274,156,107,230,193,708,174,399,464,620,478,423,427,463,93,312,110,663,754]
755 1.02 [] [] [168,307,557,224,382,310,161,719,885,819,740] []
756 0.89 [] [502,30,162,736,579,217,198,834,732] [] []
757 1.0 [] [] [] [951,484,201,48,619,98,607,325,886,931,6,8,262,503,275,322,536,343,923,432,449,123,571,344,272,509,757,313,575,735,599,693,67]
758 0.99 [] [] [] []
759 1.0 [] [] [] []
760 1.12 [] [] [] []
761 1.09 [] [585,833,337,790,550,76,720,646,898] [720,323,349,327,165,30,144,602] []
762 0.71 [] [910,532,298,378,820,330,870,612] [410,643,294,831,610,653,964,576,287,936] []
763 0.8 [] [206,3,155,335,69,39,992,550] [] [348,763,118,823,598,381,234,183,687,264,550,700,807,844,518,89,779,362,245,988,32,966,533]
764 0.96 [] [27,402,523,539,781,306,196,739] [895,801,326,870,184,11] []
765 0.84 [] [152,107,276,470,113,960,777,583] [] []
766 0.93 [] [] [] []
767 1.0 [] [] [] []
768 0.86 [] [] [669,367,433,560,630,105,603,34,637,559,990] []
769 0.92 [] [978,578,267,829,647,942,431] [] []
770 1.02 [] [] [321,729,105,261,981,3,6,205,779,418,425] []
771 0.94 [] [] [460,977,282,204,929,924,967,444,981,48,938] []
772 1.09 [] [] [] []
773 1.0 [] [109,49,278,31,433,945,966,297,898] [] []
774 2.0 [] [] [] [671,774,839,469,88,794,109,65,398,399,974]
775 0.93 [] [135,328,76,924,682,322,733,141,324] [] []
776 1.11 [] [476,422,660,550,357,777] [] []
777 0.88 [] [152,107,276,470,113,960,765,583] [579,508,139,895,461,113,991,931,953] []
778 0.9 [] [] [] []
779 0.85 [] [] [321,729,105,261,981,3,6,205,770,418,425] [348,763,118,823,598,381,234,183,687,264,550,700,807,844,518,89,779,362,245,988,32,966,533]
780 0.71 [] [620,946,922,688,282,727,502,212] [] []
781 0.76 [] [27,402,764,523,539,306,196,739] [] []
782 0.98 [] [] [] []
783 0.97 [] [964,542,289,482,762] [] [160,597,386,395,502,255,783,604,42,324,289,521,26,331,725,210,476,311]
784 1.0 [] [] [458,467,235,15,572,224,417,76] []
785 0.87 [] [487,807,954,860,486,158,844,748] [] []
786 1.0 [] [] [473,482,921,746,729,218,540,5] []
787 0.97 [] [] [] []
788 0.86 [] [] [] []
789 0.87 [] [] [] []
790 0.93 [] [585,833,337,550,76,720,761,646,898] [367,21,163,852,945,457,226,922,611,312] [12,260,81,283,462,269,4,451,593,619,832,67,790,845,299,426,561,245,417,48,119,475,774,382,429,808]
791 1.0 [] [385,882,274,858,426] [584,318,616,439,928,263,381,116] []
792 1.11 [] [422,736,430,39,947,955] [861,230,709,907,207,183,946,523,612] []
793 0.87 [] [] [] []
794 0.96 [] [423,716,814,918,279,911] [] [671,774,839,469,88,794,109,65,398,399,974]
795 1.34 [] [] [931,721,178,980,606,232,245,750] []
796 0.96 [] [] [] [431,941,293,207,881,153,942,105,428,325,683,302,648,52,443,656,375,451,730,956,458,453,644,209,796,798,749,224,89,544,636,735,697,186,99,532,197]
797 0.91 [] [] [197,906,810,27,566,943,475,321,241,56,262] []
798 0.89 [] [391,163,414,470,3,637,873,973,944] [] [431,941,293,207,881,153,942,105,428,325,683,302,648,52,443,656,375,451,730,956,458,453,644,209,796,798,749,224,89,544,636,735,697,186,99,532,197]
799 0.87 [] [] [] []
800 0.92 [] [658,502,102,313] [230,279,809,987,622,254] []
801 1.27 [] [610,842,181,37,151,238,1] [895,326,870,184,11,764] []
802 0.8 [] [] [254,168,891,387,18] []
803 0.89 [] [] [] []
804 0.88 [] [] [] []
805 0.9 [] [] [] []
806 1.0 [] [] [] []
807 0.95 [] [487,954,860,486,158,844,748,785] [] [348,763,118,823,598,381,234,183,687,264,550,700,807,844,518,89,779,362,245,988,32,966,533]
808 0.85 [] [584,430,956,316,546,655] [] [12,260,81,283,462,269,4,451,593,619,832,67,790,845,299,426,561,245,417,48,119,475,774,382,429,808]
809 1.0 [] [188,190,199,281,579,990] [230,279,987,622,254,800] []
810 1.0 [] [] [197,906,27,566,943,475,321,241,797,56,262] []
811 0.79 [] [] [] []
812 0.91 [] [] [] []
813 0.91 [] [839,993,637,914] [] []
814 0.72 [] [423,716,918,279,911,794] [] []
815 0.99 [] [313,966,565,285,296] [] [4,8,177,919,585,845,815,667,350,393,713,695,742,808,452,219,63,167,413,142,604,135,956,504,387,139,380,241,924,548,254,42,179,978,237,305]
816 0.91 [] [680,871,535,919,310,50,268,495] [89,384,717,379,620,195,612,497,382] []
817 1.04 [] [] [] []
818 0.86 [] [] [] []
819 0.91 [] [99,596,721,828,745,162,140,859,375] [168,307,557,224,382,310,161,719,755,885,740] []
820 0.93 [] [43,439,897,869,677] [] []
821 0.9 [] [719,997,351,97,99] [] []
822 1.0 [] [] [] []
823 1.35 [] [] [] [348,763,118,823,598,381,234,183,687,264,550,700,807,844,518,89,779,362,245,988,32,966,533]
824 1.15 [] [146,672,1,6,730,89,461] [] []
825 0.71 [] [] [] []
826 0.87 [] [] [] []
827 0.75 [] [273,257,592,203,593,309] [] []
828 1.16 [] [99,596,721,745,162,140,859,375,819] [] []
829 0.89 [] [978,578,267,647,769,942,431] [] []
830 1.06 [] [] [260,590,289,903] []
831 0.96 [] [] [410,643,294,610,653,964,762,576,287,936] []
832 0.9 [] [314,65,539,943,936,162,172] [] [12,260,81,283,462,269,4,451,593,619,832,67,790,845,299,426,561,245,417,48,119,475,774,382,429,808]
833 0.76 [] [75,707,634,926,690,696] [] []
834 0.8 [] [502,30,162,736,579,756,217,198,732] [146,601,2,635,111,343] []
835 0.98 [] [] [] []
836 0.94 [] [762,589,930,120,559] [] [234,984,451,70,362,484,74,836,583,378,989]
837 1.0 [] [892,394,470,974,850,649] [755,218,286,496,648,988,19,362,213,972,165] []
838 0.87 [] [] [] []
839 1.0 [] [993,637,813,914] [] [671,774,839,469,88,794,109,65,398,399,974]
840 0.94 [] [] [] []
841 0.77 [] [] [] []
842 0.96 [] [610,181,37,151,238,801,1] [] []
843 0.88 [] [] [] []
844 0.99 [] [487,807,954,860,486,158,748,785] [] [348,763,118,823,598,381,234,183,687,264,550,700,807,844,518,89,779,362,245,988,32,966,533]
845 0.97 [] [] [] [12,260,81,283,462,269,4,451,593,619,832,67,790,845,299,426,561,245,417,48,119,475,774,382,429,808]
846 0.96 [] [889,353,565,414,122,978,481] [] []
847 0.8 [] [] [] []
848 0.94 [] [] [] []
849 0.85 [] [658,346,108,374,109,276] [] []
850 1.01 [] [892,394,470,974,837,649] [] []
851 0.93 [] [] [145,968,551,626,10,29,201,287] []
852 1.03 [] [] [367,21,790,163,945,457,226,922,611,312] []
853 1.02 [] [695,114,41,409,860,567] [] []
854 0.91 [] [435,919,463,346] [] []
855 0.94 [] [995,620,509,12,55,972,713] [] []
856 0.97 [] [870,458,213,491,948] [] []
857 1.0 [] [] [] []
858 0.9 [] [385,791,882,274,426] [] []
859 0.93 [] [99,596,721,828,745,162,140,375,819] [] []
860 1.0 [] [487,807,954,486,158,844,748,785] [] []
861 0.91 [] [] [73,666,713,308,695,82,53,279] []
862 0.93 [] [] [] []
863 0.88 [] [] [] []
864 0.89 [] [572,667,403,201,579] [] []
865 0.94 [] [] [] []
866 0.86 [] [] [] []
867 0.72 [] [] [] []
868 1.0 [] [] [] []
869 1.0 [] [43,820,439,897,677] [] []
870 0.87 [] [458,213,856,491,948] [895,801,326,184,11,764] []
871 0.94 [] [680,535,919,310,50,816,268,495] [] []
872 1.16 [] [] [] []
873 0.84 [] [391,163,414,798,470,3,637,973,944] [] []
874 0.96 [] [347,914,725,44,397,61] [] []
875 1.01 [] [] [] []
876 0.9 [] [] [] []
877 0.66 [] [] [] []
878 0.92 [] [882,533,417,83,781,506,319,396,281] [] []
879 0.95 [] [] [] []
880 0.97 [] [471,925,105,294,468,287,944,218,691] [] []
881 0.89 [] [] [] [431,941,293,207,881,153,942,105,428,325,683,302,648,52,443,656,375,451,730,956,458,453,644,209,796,798,749,224,89,544,636,735,697,186,99,532,197]
882 0.9 [] [385,791,274,858,426] [] []
883 0.97 [] [] [] []
884 0.66 [] [] [617,305,560,304,893,632,308,897,613] []
885 1.0 [] [] [168,307,557,224,382,310,161,719,755,819,740] []
886 1.06 [] [] [] [951,484,201,48,619,98,607,325,886,931,6,8,262,503,275,322,536,343,923,432,449,123,571,344,272,509,757,313,575,735,599,693,67]
887 1.02 [] [] [] []
888 0.93 [] [] [] []
889 0.78 [] [846,353,565,414,122,978,481] [] []
890 0.89 [] [131,421,491,711,474,210,470,487] [98,429,84,430,253,427,719] []
891 1.0 [] [] [254,168,802,387,18] []
892 0.91 [] [947,288,931,624,527,132,151] [] []
893 0.92 [] [] [617,305,560,884,304,632,308,897,613] []
894 1.05 [] [] [] []
895 0.92 [] [] [579,508,139,461,113,777,991,931,953] []
896 1.0 [] [] [] []
897 1.23 [] [43,820,439,869,677] [617,305,560,884,304,893,632,308,613] []
898 1.0 [] [109,49,278,31,433,945,966,297,773] [] []
899 0.9 [] [] [] []
900 0.9 [] [] [] []
901 1.17 [] [] [] []
902 0.95 [] [66,566,227,248,694,213,194] [] []
903 0.94 [] [] [830,260,590,289] []
904 0.9 [] [] [] []
905 0.92 [] [658,12,533,106,49] [] []
906 0.88 [] [] [197,810,27,566,943,475,321,241,797,56,262] []
907 1.01 [] [487,507,517,6,997] [792,861,230,709,207,183,946,523,612] []
908 1.06 [] [] [] []
909 0.97 [] [] [] []
910 1.02 [] [532,298,378,762,820,330,870,612] [] []
911 0.75 [] [423,716,814,918,279,794] [] []
912 0.74 [] [13,533,684,780] [] []
913 0.91 [] [62,232,500,597,438,638,486] [] []
914 0.91 [] [839,993,637,813] [] []
915 0.9 [] [] [] []
916 0.76 [] [836,416,584,268,348] [] []
917 0.92 [] [] [] []
918 0.84 [] [423,716,814,279,911,794] [] []
919 0.98 [] [435,463,854,346] [] [4,8,177,919,585,845,815,667,350,393,713,695,742,808,452,219,63,167,413,142,604,135,956,504,387,139,380,241,924,548,254,42,179,978,237,305]
920 0.96 [] [] [] []
921 1.0 [] [] [473,482,746,786,729,218,540,5] []
922 0.94 [] [620,780,946,688,282,727,502,212] [367,21,790,163,852,945,457,226,611,312] []
923 0.93 [] [] [] [951,484,201,48,619,98,607,325,886,931,6,8,262,503,275,322,536,343,923,432,449,123,571,344,272,509,757,313,575,735,599,693,67]
924 1.0 [] [660,989,206,950,381,897,332] [460,977,771,282,204,929,967,444,981,48,938] [4,8,177,919,585,845,815,667,350,393,713,695,742,808,452,219,63,167,413,142,604,135,956,504,387,139,380,241,924,548,254,42,179,978,237,305]
925 0.79 [] [471,105,294,468,287,944,218,691,880] [] []
926 1.0 [] [833,75,707,634,690,696] [250,256,321,604,106,324,967,203,646,634,383] []
927 0.94 [] [] [] []
928 0.95 [] [] [584,318,616,439,791,263,381,116] []
929 0.92 [] [578,555,327,575,435,46,890,629,444] [460,977,771,282,204,924,967,444,981,48,938] []
930 0.82 [] [762,589,120,836,559] [247,942,44,322,117,710,944,981] []
931 0.67 [] [947,288,624,527,132,151,892] [721,178,980,606,232,795,245,750] [951,484,201,48,619,98,607,325,886,931,6,8,262,503,275,322,536,343,923,432,449,123,571,344,272,509,757,313,575,735,599,693,67]
932 0.91 [] [605,601,452,416,819,593,657] [] []
933 0.85 [] [] [190,975,712,511,970,77,246] []
934 0.92 [] [] [] []
935 1.02 [] [] [] []
936 0.78 [] [474,130,83,57] [410,643,294,831,610,653,964,762,576,287] []
937 0.9 [] [571,510,277,477,130,310,15,313] [] []
938 0.91 [] [] [460,977,771,282,204,929,924,967,444,981,48] []
939 0.95 [] [307,68,229,80,777,352,135,731,523] [924,420,996,903] []
940 0.63 [] [] [] []
941 0.92 [] [] [] [431,941,293,207,881,153,942,105,428,325,683,302,648,52,443,656,375,451,730,956,458,453,644,209,796,798,749,224,89,544,636,735,697,186,99,532,197]
942 0.97 [] [978,578,267,829,647,769,431] [247,44,322,930,117,710,944,981] [431,941,293,207,881,153,942,105,428,325,683,302,648,52,443,656,375,451,730,956,458,453,644,209,796,798,749,224,89,544,636,735,697,186,99,532,197]
943 0.81 [] [832,314,65,539,936,162,172] [197,906,810,27,566,475,321,241,797,56,262] []
944 0.88 [] [471,925,105,294,468,287,218,691,880] [247,942,44,322,930,117,710,981] []
945 1.01 [] [109,49,278,31,433,966,297,773,898] [367,21,790,163,852,457,226,922,611,312] []
946 1.0 [] [620,780,922,688,282,727,502,212] [792,861,230,709,907,207,183,523,612] []
947 1.06 [] [288,931,624,527,132,151,892] [] []
948 0.96 [] [870,458,213,856,491] [] []
949 0.97 [] [] [] []
950 0.93 [] [660,989,924,206,381,897,332] [] []
951 0.97 [] [] [] [951,484,201,48,619,98,607,325,886,931,6,8,262,503,275,322,536,343,923,432,449,123,571,344,272,509,757,313,575,735,599,693,67]
952 0.86 [] [353,709,431,670,250,258,710] [] []
953 0.87 [] [] [579,508,139,895,461,113,777,991,931] []
954 0.94 [] [487,807,860,486,158,844,748,785] [] []
955 1.06 [] [422,736,430,39,947,792] [] []
956 0.97 [] [584,430,316,546,655,808] [] [431,941,293,207,881,153,942,105,428,325,683,302,648,52,443,656,375,451,730,956,458,453,644,209,796,798,749,224,89,544,636,735,697,186,99,532,197]
957 1.12 [] [] [] []
958 0.84 [] [] [] []
959 1.04 [] [] [] []
960 0.83 [] [152,107,276,470,113,765,777,583] [128,68,130,231,734,92] []
961 0.94 [] [233,975,672,871] [] []
962 1.06 [] [] [] []
963 0.91 [] [] [] []
964 0.93 [] [542,289,482,762,783] [410,643,294,831,610,653,762,576,287,936] []
965 0.85 [] [] [] []
966 0.93 [] [109,49,278,31,433,945,297,773,898] [] [348,763,118,823,598,381,234,183,687,264,550,700,807,844,518,89,779,362,245,988,32,966,533]
967 0.9 [] [] [460,977,771,282,204,929,924,444,981,48,938] []
968 1.0 [] [] [851,145,551,626,10,29,201,287] []
969 0.89 [] [] [] []
970 0.9 [] [] [190,975,712,511,77,246,933] []
971 0.92 [] [290,573,572,761,160] [] []
972 0.93 [] [995,620,509,12,55,855,713] [837,755,218,286,496,648,988,19,362,213,165] []
973 0.96 [] [391,163,414,798,470,3,637,873,944] [] []
974 1.0 [] [892,394,470,850,837,649] [] [671,774,839,469,88,794,109,65,398,399,974]
975 1.04 [] [7,48,393,250,276,376,370] [190,712,511,970,77,246,933] []
976 0.91 [] [] [] []
977 0.91 [] [] [460,771,282,204,929,924,967,444,981,48,938] []
978 0.85 [] [578,267,829,647,769,942,431] [] [4,8,177,919,585,845,815,667,350,393,713,695,742,808,452,219,63,167,413,142,604,135,956,504,387,139,380,241,924,548,254,42,179,978,237,305]
979 0.76 [] [59,154,735,30] [] []
980 0.93 [] [] [318,39,146,638,608,171,590,184,360,660] []
981 0.8 [] [] [247,942,44,322,930,117,710,944] []
982 1.0 [] [] [] []
983 0.92 [] [] [] []
984 0.97 [] [] [] [234,984,451,70,362,484,74,836,583,378,989]
985 0.84 [] [] [] []
986 0.97 [] [] [] []
987 0.85 [] [] [230,279,809,622,254,800] []
988 0.93 [] [] [837,755,218,286,496,648,19,362,213,972,165] [348,763,118,823,598,381,234,183,687,264,550,700,807,844,518,89,779,362,245,988,32,966,533]
989 0.9 [] [189,412,64,514,244] [] [234,984,451,70,362,484,74,836,583,378,989]
990 0.82 [] [188,190,199,809,281,579] [669,367,433,560,630,105,768,603,34,637,559] []
991 0.96 [] [] [579,508,139,895,461,113,777,931,953] []
992 0.91 [] [206,3,155,335,69,39,550,763] [] [992,203,572,470,274,156,107,230,193,708,174,399,464,620,478,423,427,463,93,312,110,663,754]
993 1.0 [] [839,637,813,914] [] []
994 0.95 [] [] [] []
995 0.7 [] [620,509,12,55,855,972,713] [] []
996 0.63 [] [238,827,106,192,660,79,724,397] [939,924,420,903] []
997 0.87 [] [487,507,517,6,907] [] []
998 1.38 [] [] [] []
999 0.97 [] [] [] []
