100
0 4 0.424093392
1 8 0.848186783
2 8 0.848186783
3 8 0.848186783
4 4 0.424093392
5 4 0.424093392
6 8 1.696373567
7 8 0.848186783
8 4 0.424093392
9 8 1.696373567
10 4 0.424093392
11 4 0.424093392
12 8 0.848186783
13 4 0.424093392
14 8 0.848186783
15 8 0.848186783
16 4 0.424093392
17 6 0.424093392
18 4 0.424093392
19 8 0.848186783
20 8 0.848186783
21 4 0.424093392
22 4 0.424093392
23 4 0.424093392
24 4 0.424093392
25 8 0.848186783
26 4 0.424093392
27 8 0.848186783
28 4 0.424093392
29 4 0.424093392
30 4 0.424093392
31 8 0.848186783
32 4 0.424093392
33 4 0.424093392
34 8 0.848186783
35 16 3.180700437
36 4 0.424093392
37 4 0.424093392
38 4 0.424093392
39 8 0.848186783
40 4 0.53011674
41 8 0.848186783
42 4 0.424093392
43 4 0.424093392
44 4 0.424093392
45 4 0.424093392
46 4 0.424093392
47 8 0.848186783
48 4 0.424093392
49 4 0.424093392
50 4 0.424093392
51 4 0.424093392
52 8 0.848186783
53 8 0.848186783
54 4 0.424093392
55 8 0.848186783
56 16 1.696373567
57 4 0.424093392
58 4 0.424093392
59 4 0.424093392
60 8 0.848186783
61 4 0.53011674
62 4 0.424093392
63 4 0.424093392
64 8 0.848186783
65 8 0.848186783
66 8 0.848186783
67 8 0.848186783
68 4 0.424093392
69 8 0.848186783
70 4 0.424093392
71 8 0.848186783
72 8 0.848186783
73 4 0.424093392
74 8 0.848186783
75 8 0.848186783
76 4 0.424093392
77 4 0.424093392
78 4 0.424093392
79 8 0.848186783
80 4 0.424093392
81 4 0.424093392
82 8 1.696373567
83 4 0.424093392
84 8 0.848186783
85 8 0.848186783
86 8 0.848186783
87 8 0.848186783
88 8 0.848186783
89 4 0.424093392
90 4 0.424093392
91 8 0.848186783
92 4 0.424093392
93 4 0.424093392
94 8 0.848186783
95 4 0.424093392
96 8 0.848186783
97 4 0.424093392
98 16 3.180700437
99 4 0.424093392
1000
0 1.5 [80,11,14,77,19,13,51,5,66] [142,497] [] []
1 0.89 [37,24,22,48,60,70] [] [] []
2 0.94 [31,59,20,28,60,52,84,6,23,80] [] [924,371,301,636,337,950,622,921,276,992,377] []
3 1.0 [28,71,18,82,14,41,68] [] [475,332,620,542,362,365,189,745] [806,977,195,26,128,258,394,378,208,923,456,3,516,419,655,265,118,900,546,389,990,901,267,474,675,781]
4 1.37 [19,52,1,96,75,63] [] [] []
5 1.18 [2,37,11,10,13,74,58] [234,300] [] []
6 1.0 [11,47,42,2,20,70] [] [] [531,87,114,466,860,900,335,931,991,580,692,507,725,677,795,325,162,388,398,6,916,815,377,820,848,185,318,268,188,3,153,533,686,545,263,720,310]
7 0.84 [87,5,0,15,18] [] [343,976,973,347,675,485,80] []
8 0.89 [17,52,53,97,42,29,84] [] [] []
9 0.96 [43,69,70,32,9,10,44,52,7] [] [] []
10 0.92 [85,87,41,86,78,54,59,77,44,75] [] [391,664,883,786,570,516,425,194,937,833,912] []
11 1.03 [90,32,64,47,89,62,59,80,43,92] [] [881,793,634,478,849,58,698,52,799,320,827] []
12 0.97 [21,16,0,76,30,85,41] [] [] []
13 0.71 [0,97,4,83,43,80] [] [148,50,160,555,914,906,180,81,169] []
14 1.07 [42,58,13,54,49,72,35,56,90] [] [] []
15 0.89 [86,99,95,79,97,81,93,82,30,8] [] [] []
16 0.91 [58,72,25,47,84,29,79] [324] [] []
17 1.2 [50,57,84,24,39,43,2] [] [] [216,679,260,485,570,141,578,228,505,808,305,81,964,40,736,805,327,626,17,490,814,904,975,762,414,106,311,501]
18 1.1 [99,67,98,55,25,32,59,57,77,6] [] [] []
19 1.33 [7,72,47,43,19,30,31] [] [] []
20 0.86 [1,96,85,49,28,7,26] [] [] []
21 0.9 [55,57,77,99,88] [] [] []
22 0.85 [19,9,21,16,14,55] [] [732,172,168,307,265,802,108] []
23 0.93 [58,7,94,93,52,78,60] [] [] []
24 0.91 [50,30,89,68,51,37,97,13,29,87] [] [] []
25 0.84 [23,16,10,44,85,3,26] [114,920] [265,188,162,81,150,279,651,156,733] []
26 0.73 [90,11,3,31,29,36,73] [] [] [806,977,195,26,128,258,394,378,208,923,456,3,516,419,655,265,118,900,546,389,990,901,267,474,675,781]
27 0.92 [97,44,98,67,76,41,25,18,69] [] [] [122,43,408,27,757,663,646,668,156,588,633,262,884,891,816,338,470,883,881,835,692]
28 1.11 [48,34,19,62,85] [329,30] [] []
29 1.0 [43,25,16,23,48,92,60,79,40] [] [416,25,889,62,33,181,392,542] []
30 0.8 [54,92,74,50,97] [329,28] [] []
31 0.84 [56,43,1,79,68,41] [974] [] []
32 1.01 [88,24,80,3,67,17,89,25,29] [691] [] []
33 1.04 [44,57,53,38,67,74] [] [416,29,25,889,62,181,392,542] [923,434,160,880,33,792,296,667,303,515,345,494,731,754,959,93,898,809,581,820,930,631,917,50,752,848]
34 1.0 [64,10,1,96,17,93,6] [] [] []
35 1.0 [34,5,84,25,61,9,62,46] [] [107,123,819,44,743,528,264,73,984,989] []
36 0.9 [95,10,34,94,22,24] [] [] []
37 0.62 [69,21,87,26,85,84,48] [] [205,654,420,67,622,230] []
38 1.02 [54,83,69,17,1,34] [] [] []
39 0.91 [40,42,3,21,1,30,67,70,5,84] [] [235,949,174,359,829,694,356,706,796,582] []
40 0.88 [39,28,88,93,17,72,44,56,46] [813] [808,416,610,596] [216,679,260,485,570,141,578,228,505,808,305,81,964,40,736,805,327,626,17,490,814,904,975,762,414,106,311,501]
41 0.93 [53,91,97,74,47,78,86,20,19] [704] [] []
42 0.99 [18,66,93,64,31,8,25,3] [] [] []
43 0.91 [91,53,13,95,25,38,2,69] [] [] [122,43,408,27,757,663,646,668,156,588,633,262,884,891,816,338,470,883,881,835,692]
44 0.92 [27,35,10,1,70,42,37] [] [107,123,819,743,528,264,73,35,984,989] []
45 0.79 [52,93,44,73,4,48] [147] [] []
46 0.99 [15,19,61,2,81,63,50,24,54,72] [] [] []
47 0.85 [79,34,92,72,58,43] [] [] []
48 0.8 [37,36,15,24,10,65,59,86,81] [553] [] []
49 1.01 [12,61,93,72,90,47,30] [97] [] [397,186,322,408,6,49,503,231,178,80,145,482,713,615,401,77,316,134,638,323,137,174,545,684,268]
50 0.81 [34,13,29,75,52,69,66,35,2,65] [] [148,160,555,914,13,906,180,81,169] [923,434,160,880,33,792,296,667,303,515,345,494,731,754,959,93,898,809,581,820,930,631,917,50,752,848]
51 1.0 [88,16,92,9,96,81] [] [] []
52 0.95 [95,72,88,85,11,53,55,26,3,78] [] [881,793,634,478,849,58,698,799,11,320,827] []
53 1.01 [86,0,73,39,94] [] [] []
54 0.9 [94,32,51,99,88] [] [] []
55 0.66 [44,15,47,88,60,50,94,23,48] [] [] []
56 1.0 [44,34,68,84,98,37,46,18,86] [] [817,776,936,869,230,150,297,604] []
57 0.89 [71,50,20,2,48,80] [] [] []
58 0.92 [31,73,87,16,30,90] [] [881,793,634,478,849,698,52,799,11,320,827] []
59 0.88 [65,74,73,75,95,88] [] [] []
60 0.99 [42,34,45,92,26,15,95,14,16] [] [] []
61 1.0 [74,40,83,68,24] [] [] []
62 0.81 [76,38,66,20,31,0] [] [416,29,25,889,33,181,392,542] []
63 1.02 [29,83,14,39,25,35] [] [] []
64 0.9 [40,58,64,25,94,32,86] [] [] []
65 0.81 [80,44,89,53,22,32,70,59,79] [] [897,335,852,564,158,176,801,446,196,458,805] []
66 0.94 [91,19,37,55,14,69,23,26,54] [] [] []
67 0.95 [8,61,90,30,18,0,13,29,53] [] [514,468,619,830,578,81,870,443,440,743] []
68 0.9 [32,85,3,57,5] [] [707,861,757,712,858,93,315,987] []
69 0.91 [97,12,38,88,30,14,37,46,96] [] [] []
70 0.95 [34,46,14,25,49,54,64] [] [588,375,97,627,421,352,772,744] []
71 1.0 [94,87,4,6,55,80,56,93] [] [] []
72 1.22 [10,88,97,59,16,45,23,62] [] [995,379,403,595,628,877,918,573,402,383] []
73 0.94 [13,6,9,12,30,17] [] [107,123,819,44,743,528,264,35,984,989] []
74 0.9 [7,23,45,77,69] [] [505,262,167,615] []
75 0.96 [59,3,60,80,74,31] [] [] []
76 1.11 [64,4,69,21,86,74,24] [] [] []
77 0.93 [7,44,84,89,42,11,51,78,87] [] [] [397,186,322,408,6,49,503,231,178,80,145,482,713,615,401,77,316,134,638,323,137,174,545,684,268]
78 0.93 [80,0,69,27,79,42,6,56,16,68] [] [] []
79 0.95 [46,58,24,68,14,86,44,42] [] [] []
80 1.1 [5,27,74,66,31,35,86,8,0] [] [343,976,7,973,347,675,485] [397,186,322,408,6,49,503,231,178,80,145,482,713,615,401,77,316,134,638,323,137,174,545,684,268]
81 1.0 [57,54,48,17,9,71,90,58,68,19] [] [265,188,162,25,150,279,651,156,733] [216,679,260,485,570,141,578,228,505,808,305,81,964,40,736,805,327,626,17,490,814,904,975,762,414,106,311,501]
82 0.92 [40,5,85,74,1,72,92,15,70] [] [] []
83 0.89 [50,80,74,96,47,98,58,21,42,78] [] [] []
84 0.9 [96,47,17,57,69,80,43] [] [] []
85 0.87 [66,44,79,7,29,65] [] [] []
86 1.0 [35,13,84,64,49,3] [] [] []
87 1.28 [47,66,73,52,43,87,77,83,0,7] [937,431] [104,161,136,333,429,811] [531,87,114,466,860,900,335,931,991,580,692,507,725,677,795,325,162,388,398,6,916,815,377,820,848,185,318,268,188,3,153,533,686,545,263,720,310]
88 2.0 [46,29,33,94,50,87,24,23,27] [599] [] []
89 0.92 [41,82,97,74,93,96,66] [] [] []
90 1.0 [33,61,8,45,57,15,90,94,9] [] [] []
91 0.8 [39,44,22,94,27,78,72,70] [] [766,109,483,338,539,498,380,824,589] []
92 0.89 [61,25,7,40,19,64,36,80] [] [600,992,415,571,65,344,301,670] []
93 0.92 [25,58,18,53,7,6,50] [] [707,861,68,757,712,858,315,987] [923,434,160,880,33,792,296,667,303,515,345,494,731,754,959,93,898,809,581,820,930,631,917,50,752,848]
94 0.93 [20,54,61,35,43,52,60,78] [] [] []
95 1.0 [73,58,13,67,20,47,95,53,88] [] [] []
96 0.94 [76,18,46,71,99,6,58] [] [606,876,924,649,330] []
97 1.0 [79,85,30,59,88] [49] [588,375,627,421,352,772,744,70] []
98 0.53 [51,96,80,53,39,31,1] [] [] []
99 0.9 [53,73,89,64,93] [] [] []
100 0.93 [48,2,91,72,32,81] [773] [] []
101 1.0 [16,40,64,13,6] [] [] []
102 0.93 [72,0,12,35,57,44,58,5,7] [] [227,808,216,751,566,259,334] []
103 0.87 [58,46,6,97,26,57,9] [] [188,308,29,679,132] []
104 0.91 [0,97,57,66,7] [] [87,161,136,333,429,811] []
105 0.89 [86,93,36,78,17,62] [] [] []
106 0.9 [15,86,68,4,8,47,59,65,83,3] [] [] [216,679,260,485,570,141,578,228,505,808,305,81,964,40,736,805,327,626,17,490,814,904,975,762,414,106,311,501]
107 1.25 [74,17,94,23,64,36] [] [123,819,44,743,528,264,73,35,984,989] []
108 1.0 [66,83,42,12,84,52,32,79,70,7] [] [732,172,168,307,265,802,22] [139,165,310,467,925,519,751,804,711,108,276,909,727,891,556,347,824,183,302,520]
109 0.81 [17,56,41,99,89,98,67] [] [766,483,338,539,91,498,380,824,589] []
110 0.8 [47,11,52,41,65,56,86,74,3] [] [] []
111 0.97 [91,71,62,66,49,33,60,2] [] [] []
112 0.89 [33,28,77,44,32,14,43,89,53,34] [] [] []
113 0.9 [93,67,62,13,5,99,57,81] [] [] []
114 0.94 [1,83,2,36,88,63] [920,25] [] [531,87,114,466,860,900,335,931,991,580,692,507,725,677,795,325,162,388,398,6,916,815,377,820,848,185,318,268,188,3,153,533,686,545,263,720,310]
115 0.9 [86,64,40,0,53,77] [] [] []
116 0.91 [34,38,29,26,64,90] [] [] []
117 0.81 [98,33,60,88,52] [] [] []
118 0.94 [43,52,40,26,9,50,35,3,15,69] [] [] [806,977,195,26,128,258,394,378,208,923,456,3,516,419,655,265,118,900,546,389,990,901,267,474,675,781]
119 0.96 [78,15,98,10,29,79,86,67] [] [] []
120 0.94 [94,91,69,30,45,65,86,39] [] [] []
121 1.01 [65,64,99,35,86,37,21] [740] [] []
122 0.93 [16,61,78,6,46,92,44,63,94,90] [] [] [122,43,408,27,757,663,646,668,156,588,633,262,884,891,816,338,470,883,881,835,692]
123 1.0 [80,12,63,66,62,48,41,68,42,10] [] [107,819,44,743,528,264,73,35,984,989] []
124 0.93 [6,4,2,0,63,40,29,73] [] [] []
125 1.0 [79,22,98,27,46,24,5,71] [] [] []
126 1.16 [52,21,64,94,89] [430,224] [] []
127 0.93 [12,94,61,17,68,11,82,79] [] [] []
128 0.97 [27,44,87,72,26,96,50,67] [782] [] [806,977,195,26,128,258,394,378,208,923,456,3,516,419,655,265,118,900,546,389,990,901,267,474,675,781]
129 1.14 [78,66,35,10,90,13,68,99] [] [] []
130 0.98 [83,18,4,54,81,84] [] [] []
131 1.01 [70,24,35,91,64,43,67,84,68] [] [] []
132 0.92 [45,88,60,69,25,70] [] [757,604,667,682,328,340,453,522,166,889] []
133 0.85 [48,44,1,71,91] [] [] []
134 0.94 [36,56,46,74,27] [] [929,905,614,433,208] [397,186,322,408,6,49,503,231,178,80,145,482,713,615,401,77,316,134,638,323,137,174,545,684,268]
135 0.92 [44,41,0,99,21] [] [] []
136 0.85 [66,89,10,18,92,86,25,23,15,52] [] [104,87,161,333,429,811] []
137 2.0 [22,38,92,37,46,95] [] [] [397,186,322,408,6,49,503,231,178,80,145,482,713,615,401,77,316,134,638,323,137,174,545,684,268]
138 0.88 [47,45,58,13,70,73,81,68,4,54] [533] [] []
139 0.88 [35,54,2,9,41,39,81] [] [] [139,165,310,467,925,519,751,804,711,108,276,909,727,891,556,347,824,183,302,520]
140 0.64 [67,79,33,64,95,93,32] [] [] []
141 1.0 [54,61,6,69,75,51,59,65,70] [] [] [216,679,260,485,570,141,578,228,505,808,305,81,964,40,736,805,327,626,17,490,814,904,975,762,414,106,311,501]
142 1.02 [58,49,57,77,78,76,40,20] [0,497] [] []
143 1.0 [49,38,92,91,68,28,70] [] [] []
144 0.93 [74,11,88,89,53] [] [] []
145 1.02 [10,39,83,98,6,60,59] [] [] [397,186,322,408,6,49,503,231,178,80,145,482,713,615,401,77,316,134,638,323,137,174,545,684,268]
146 0.8 [73,44,45,62,31,9,8] [] [] []
147 0.86 [46,14,45,9,28,13] [436,768] [] []
148 0.92 [16,77,0,97,22,79,46,8,53,49] [] [50,160,555,914,13,906,180,81,169] []
149 1.0 [67,29,50,36,65] [] [] []
150 0.98 [26,59,15,48,91,42] [] [265,188,162,81,25,279,651,156,733] []
151 1.1 [18,36,12,90,13,19,65,15,52] [] [] []
152 1.11 [90,34,36,20,69] [] [] []
153 1.03 [34,58,48,57,97,1,54,70,76,47] [] [256,550,863,87] [531,87,114,466,860,900,335,931,991,580,692,507,725,677,795,325,162,388,398,6,916,815,377,820,848,185,318,268,188,3,153,533,686,545,263,720,310]
154 0.95 [57,32,54,45,87,29,23,17] [] [] []
155 0.93 [91,1,20,36,83,41] [] [] []
156 0.89 [83,26,33,14,87,44,2,28,10,66] [] [265,188,162,81,25,150,279,651,733] [122,43,408,27,757,663,646,668,156,588,633,262,884,891,816,338,470,883,881,835,692]
157 0.97 [70,30,84,9,51,26] [] [599,364,769,918,444,680] []
158 1.05 [81,27,63,29,47,11,99,41] [] [897,335,852,564,65,176,801,446,196,458,805] []
159 0.91 [38,40,39,0,59,98] [] [] []
160 0.97 [85,47,24,44,78,66,95,13] [] [148,50,555,914,13,906,180,81,169] [923,434,160,880,33,792,296,667,303,515,345,494,731,754,959,93,898,809,581,820,930,631,917,50,752,848]
161 0.63 [79,42,87,86,50,43,44,47,72,41] [] [104,87,136,333,429,811] []
162 0.96 [39,89,75,17,10,28,70,9,57] [] [265,188,81,25,150,279,651,156,733] [531,87,114,466,860,900,335,931,991,580,692,507,725,677,795,325,162,388,398,6,916,815,377,820,848,185,318,268,188,3,153,533,686,545,263,720,310]
163 0.94 [65,27,49,32,43,61,45,44,70] [] [] []
164 0.85 [20,9,5,51,35,83,99] [] [] []
165 1.0 [77,89,47,95,61,83,76,6,73,46] [] [] [139,165,310,467,925,519,751,804,711,108,276,909,727,891,556,347,824,183,302,520]
166 0.92 [7,37,53,23,11,98,24] [] [757,604,132,667,682,328,340,453,522,889] []
167 0.85 [63,65,4,45,86,97] [] [74,505,262,615] []
168 0.96 [52,40,93,89,80] [] [732,172,307,265,802,22,108] []
169 0.95 [31,27,2,5,58,59,94] [] [148,50,160,555,914,13,906,180,81] []
170 0.91 [93,63,56,75,21,91,83,26,80] [] [] []
171 0.95 [15,16,48,96,49,98] [443,942] [] []
172 0.91 [27,54,68,81,75,8,50] [960,249] [732,168,307,265,802,22,108] []
173 0.9 [2,10,6,61,88] [] [] []
174 1.25 [30,85,88,27,61,70,64,42,15,91] [] [652,739,246,429,541,800,576,421,768] [397,186,322,408,6,49,503,231,178,80,145,482,713,615,401,77,316,134,638,323,137,174,545,684,268]
175 0.98 [69,1,70,60,11,61,85] [] [] []
176 0.9 [69,31,73,4,12,62] [] [897,335,852,564,65,158,801,446,196,458,805] []
177 1.0 [10,30,76,16,74,81,60,64,69,55] [] [] []
178 1.0 [79,15,12,18,38,48,47,94,37] [] [] [397,186,322,408,6,49,503,231,178,80,145,482,713,615,401,77,316,134,638,323,137,174,545,684,268]
179 0.9 [93,99,77,48,89,16] [] [] []
180 0.85 [63,6,21,26,91] [] [148,50,160,555,914,13,906,81,169] []
181 0.96 [58,29,70,21,52,82,81] [] [416,29,25,889,62,33,392,542] []
182 0.7 [91,99,7,40,44,48,1] [] [] []
183 0.86 [69,78,2,54,79,72] [] [] [139,165,310,467,925,519,751,804,711,108,276,909,727,891,556,347,824,183,302,520]
184 0.95 [73,90,31,96,78,11,20,47,86,98] [] [] []
185 0.78 [79,54,75,15,5,92,38,24] [678,998] [] [531,87,114,466,860,900,335,931,991,580,692,507,725,677,795,325,162,388,398,6,916,815,377,820,848,185,318,268,188,3,153,533,686,545,263,720,310]
186 0.87 [64,72,81,24,0,86,18,3,28] [] [] [397,186,322,408,6,49,503,231,178,80,145,482,713,615,401,77,316,134,638,323,137,174,545,684,268]
187 0.89 [35,78,30,71,67] [] [107,245,656,866,521,509,550] []
188 0.8 [27,33,12,79,20,19] [] [265,162,81,25,150,279,651,156,733] [531,87,114,466,860,900,335,931,991,580,692,507,725,677,795,325,162,388,398,6,916,815,377,820,848,185,318,268,188,3,153,533,686,545,263,720,310]
189 0.83 [71,4,48,8,95,53,27,34] [] [475,332,3,620,542,362,365,745] []
190 1.31 [61,35,51,92,3,18,62,71] [] [] []
191 0.85 [3,95,62,55,76,49] [] [] []
192 1.35 [31,80,0,83,45,75,6] [] [] []
193 0.85 [99,90,59,50,31,54,61,10] [] [] []
194 1.01 [55,45,3,42,74,56,34,93] [] [391,664,883,786,570,516,425,937,833,10,912] []
195 0.86 [91,22,20,64,1,85,55,19,23,35] [] [] [806,977,195,26,128,258,394,378,208,923,456,3,516,419,655,265,118,900,546,389,990,901,267,474,675,781]
196 0.93 [83,2,22,25,9] [] [897,335,852,564,65,158,176,801,446,458,805] []
197 1.0 [14,34,7,78,75] [] [] []
198 0.95 [68,66,26,53,34,17,73,4,25,41] [960] [] []
199 0.87 [75,29,38,74,9,16] [] [] []
200 0.86 [52,27,31,79,60,95,51,55,99] [] [] []
201 1.0 [92,19,94,12,14] [] [] []
202 0.94 [54,36,59,64,45,21,48,42,32] [] [] []
203 0.87 [85,40,20,75,90] [] [] []
204 0.9 [53,93,34,81,28,75,5,87] [] [] []
205 0.95 [56,31,64,38,4,14,74,21] [] [37,654,420,67,622,230] []
206 0.88 [41,44,54,76,31,42] [] [425,398,629,282,601,583] []
207 0.92 [59,19,92,99,30] [] [] []
208 0.93 [91,42,58,38,24,97,84,45,99,57] [] [35,473,939,414,663,301,255,724] [806,977,195,26,128,258,394,378,208,923,456,3,516,419,655,265,118,900,546,389,990,901,267,474,675,781]
209 1.0 [34,8,37,61,86,70,14,84,91] [] [] []
210 0.87 [99,73,33,21,89] [] [] []
211 1.0 [37,69,92,47,94,43,45,11,86,6] [] [] []
212 0.83 [9,75,8,7,59,85,93,49,20,31] [] [] []
213 0.96 [46,94,9,26,37,54,8] [] [] []
214 0.91 [53,69,11,50,5,80,55] [] [] []
215 0.95 [87,46,84,13,92] [] [] []
216 0.94 [18,86,0,58,27,46,67,42,36,63] [] [654,748,584,490,786,58,630,650] [216,679,260,485,570,141,578,228,505,808,305,81,964,40,736,805,327,626,17,490,814,904,975,762,414,106,311,501]
217 0.9 [74,15,16,95,44,6,30,82] [] [] []
218 0.9 [69,41,37,18,97,95,74,94] [] [] []
219 0.94 [23,35,24,74,75,65,3,53,45] [] [] []
220 0.94 [54,27,20,86,14,81] [] [] []
221 0.98 [60,93,30,78,96,84,33] [] [] []
222 0.9 [51,14,4,79,23,47,17,55] [] [236,660,639,659] []
223 0.9 [77,96,88,19,28,75,22,56] [] [753,516,803,950,372,655,303,840] []
224 0.8 [75,16,85,95,3,31,29,51,87,8] [430,126] [] []
225 0.85 [47,61,77,58,34,31] [] [] []
226 1.0 [26,8,66,4,30] [] [] []
227 1.0 [44,62,69,50,70] [] [808,216,751,566,102,259,334] []
228 0.95 [28,46,86,7,0,1,6,45,53,69] [] [] [216,679,260,485,570,141,578,228,505,808,305,81,964,40,736,805,327,626,17,490,814,904,975,762,414,106,311,501]
229 1.0 [4,84,50,5,74] [] [] []
230 0.93 [19,44,71,26,28,46,69,31,5,56] [] [37,205,654,420,67,622] []
231 0.81 [77,3,10,87,38,49,74,75] [] [] [397,186,322,408,6,49,503,231,178,80,145,482,713,615,401,77,316,134,638,323,137,174,545,684,268]
232 0.99 [47,80,42,84,49,51] [] [] []
233 0.89 [8,65,85,3,95,51,91,39,29,0] [] [] []
234 1.05 [78,17,72,87,77] [5,300] [] []
235 0.7 [4,27,8,63,80,68,74,78,51] [] [949,174,359,829,39,694,356,706,796,582] []
236 0.94 [18,2,52,0,72,33,95,66] [] [660,639,222,659] []
237 0.97 [18,95,76,10,37,94,29,34,25,96] [] [] []
238 0.92 [67,39,22,41,13,95,11,32] [] [] []
239 0.88 [12,49,82,75,27,63,9,13] [] [] []
240 0.8 [65,63,59,28,43] [] [] []
241 1.03 [75,55,1,86,16,85,40,52,18,32] [987,478] [] []
242 1.18 [51,8,88,79,16,34,13,78] [] [] []
243 0.84 [45,21,51,67,35,4,2] [] [] []
244 0.93 [24,99,83,81,5,32,44,22,35,6] [] [] []
245 0.93 [39,91,21,97,16,87,61,30] [] [107,656,866,521,509,550,187] []
246 0.86 [89,96,15,68,84,74,76,1,10,54] [] [652,739,174,429,541,800,576,421,768] []
247 0.85 [3,62,12,69,82,28,94] [] [] []
248 0.91 [40,52,53,11,85] [] [796,394,67,172,953,595,889] []
249 1.16 [22,85,93,40,92,42] [960,172] [] []
250 0.81 [16,13,57,18,47,11,76] [] [] []
251 0.88 [74,36,44,48,60,37,78,59,12,22] [] [] []
252 0.92 [0,95,96,6,79] [] [] []
253 0.83 [88,55,64,24,53] [] [] []
254 0.92 [71,67,93,38,79,62,85] [] [] []
255 0.98 [44,14,37,65,13] [] [35,473,939,414,663,301,208,724] []
256 0.94 [78,99,75,93,52,39,61,27,28,7] [] [550,153,863,87] []
257 0.96 [31,14,3,7,58,50,73,24,27,44] [] [815,671,421,994,546,871,833,939,807,902,454] []
258 1.04 [90,69,70,96,72,97,20,88,19,12] [] [] [806,977,195,26,128,258,394,378,208,923,456,3,516,419,655,265,118,900,546,389,990,901,267,474,675,781]
259 0.89 [71,53,44,87,83,29,45] [] [227,808,216,751,566,102,334] []
260 0.94 [79,47,91,93,81,68] [] [] [216,679,260,485,570,141,578,228,505,808,305,81,964,40,736,805,327,626,17,490,814,904,975,762,414,106,311,501]
261 1.0 [39,28,73,91,36] [] [] []
262 0.96 [33,31,28,27,78,1,17,72,76] [] [74,505,167,615] [122,43,408,27,757,663,646,668,156,588,633,262,884,891,816,338,470,883,881,835,692]
263 1.19 [60,72,82,86,69,30,99,16,36] [] [] [531,87,114,466,860,900,335,931,991,580,692,507,725,677,795,325,162,388,398,6,916,815,377,820,848,185,318,268,188,3,153,533,686,545,263,720,310]
264 0.9 [87,47,39,58,80] [] [107,123,819,44,743,528,73,35,984,989] []
265 0.93 [77,80,75,71,32,52,87] [] [732,172,168,307,802,22,108] [806,977,195,26,128,258,394,378,208,923,456,3,516,419,655,265,118,900,546,389,990,901,267,474,675,781]
266 0.81 [47,82,93,6,43,88,57,35,68,27] [] [] []
267 0.92 [90,89,68,9,42,18,45,99,23,62] [] [] [806,977,195,26,128,258,394,378,208,923,456,3,516,419,655,265,118,900,546,389,990,901,267,474,675,781]
268 1.24 [22,51,86,26,52] [] [] [531,87,114,466,860,900,335,931,991,580,692,507,725,677,795,325,162,388,398,6,916,815,377,820,848,185,318,268,188,3,153,533,686,545,263,720,310]
269 0.95 [3,58,96,0,93,26,27,43,77] [] [] []
270 1.0 [59,84,82,79,87] [] [] []
271 0.82 [37,19,75,25,94,14,49] [] [] []
272 0.86 [20,18,3,74,24,69,72,63,45] [] [] []
273 0.97 [52,3,62,32,47] [] [] []
274 0.9 [30,74,27,34,55,14,75,68] [] [] []
275 1.23 [84,67,81,88,78,95,99,45,77,60] [] [] []
276 0.73 [43,68,56,90,19,17,67,74,99] [] [924,371,301,636,337,950,622,921,2,992,377] [139,165,310,467,925,519,751,804,711,108,276,909,727,891,556,347,824,183,302,520]
277 0.87 [44,66,47,84,4,82,23,46] [] [] []
278 0.79 [19,75,88,11,94,54,69,36,76] [] [] []
279 0.93 [55,60,25,91,83,74,8,45] [] [265,188,162,81,25,150,651,156,733] []
280 0.94 [6,7,4,85,66,37,93,91,82] [] [326,834,316,613,2] []
281 1.16 [50,57,86,51,5,15,76,37] [] [] []
282 0.82 [95,80,48,86,56,74,17] [] [425,398,629,601,206,583] []
283 0.89 [83,13,45,60,25,5] [] [] []
284 0.89 [16,95,35,71,45,2,58,11] [] [] []
285 0.93 [33,50,15,18,97] [] [] []
286 0.99 [91,38,70,11,46,43,54,35] [] [549,882,52,734,890] []
287 0.96 [31,54,68,2,23,98,41] [] [] []
288 0.76 [87,6,47,71,26,69,0] [659,907] [] []
289 0.86 [61,42,54,35,59,8,49,10,46] [] [670,377,798,453,408,495] [664,784,289,587,987,953,717,596,552,414,656,745]
290 0.78 [10,15,79,51,42,35,6,21] [] [] []
291 0.79 [68,6,36,50,76] [] [] []
292 0.85 [82,4,84,23,62,97,90] [] [] []
293 0.89 [57,68,82,64,78,39,41,18,71,62] [] [] []
294 1.0 [42,52,59,0,7,11,84,94] [] [] []
295 0.72 [58,57,85,15,51,66] [] [629,639,360,891,760,691,196,387,494] []
296 0.93 [31,99,23,84,13,82,44,32,81] [] [] [923,434,160,880,33,792,296,667,303,515,345,494,731,754,959,93,898,809,581,820,930,631,917,50,752,848]
297 0.87 [98,62,16,89,36,38] [] [665,787,800,761,381,715,945] []
298 0.82 [84,35,88,21,57,71] [] [681,498,504,316,303,845,966,949,569,758,624] []
299 0.77 [31,42,9,88,62,78,2,80] [] [] []
300 0.92 [4,74,69,43,47,18,86,58,91,46] [234,5] [] []
301 0.94 [47,31,97,99,62,43,88,10] [] [35,473,939,414,663,255,208,724] []
302 1.09 [67,55,5,51,39,32,30] [] [] [139,165,310,467,925,519,751,804,711,108,276,909,727,891,556,347,824,183,302,520]
303 0.96 [64,73,61,74,34,31] [] [681,498,504,316,845,966,949,569,758,624,298] [923,434,160,880,33,792,296,667,303,515,345,494,731,754,959,93,898,809,581,820,930,631,917,50,752,848]
304 1.19 [15,63,26,54,33,79,61,87] [] [] []
305 1.01 [42,45,28,25,93,14,16,53,76] [] [] [216,679,260,485,570,141,578,228,505,808,305,81,964,40,736,805,327,626,17,490,814,904,975,762,414,106,311,501]
306 0.97 [64,65,12,14,74,99,47] [] [] []
307 1.16 [56,95,25,53,84,89,29] [] [732,172,168,265,802,22,108] []
308 1.09 [84,51,28,50,42,3,80] [] [188,29,103,679,132] []
309 0.89 [16,26,4,62,81] [] [] []
310 0.82 [6,11,16,81,57,80,91,29,47] [] [] [139,165,310,467,925,519,751,804,711,108,276,909,727,891,556,347,824,183,302,520]
311 0.86 [66,35,67,34,46,82,57,71,99] [] [] [216,679,260,485,570,141,578,228,505,808,305,81,964,40,736,805,327,626,17,490,814,904,975,762,414,106,311,501]
312 1.0 [83,95,81,77,30] [] [] []
313 0.83 [30,6,42,93,29,21,67,18,72] [] [] []
314 0.87 [51,27,25,57,44,28,97,29,26,34] [] [] []
315 0.89 [24,20,77,61,48,76] [] [707,861,68,757,712,858,93,987] []
316 0.93 [85,95,25,21,29] [] [326,834,280,613,2] [397,186,322,408,6,49,503,231,178,80,145,482,713,615,401,77,316,134,638,323,137,174,545,684,268]
317 0.75 [29,5,66,2,79,64,54,49,94,90] [] [] []
318 0.86 [33,10,30,16,7,74,27,34,59,46] [] [] [531,87,114,466,860,900,335,931,991,580,692,507,725,677,795,325,162,388,398,6,916,815,377,820,848,185,318,268,188,3,153,533,686,545,263,720,310]
319 1.16 [59,35,28,61,84,99,85] [] [] []
320 0.85 [65,34,99,42,70,28,74,7,94] [] [881,793,634,478,849,58,698,52,799,11,827] []
321 0.94 [65,12,93,76,19,13,34,8,61] [] [817,918,787,819] []
322 0.86 [58,16,28,70,39,50] [] [] [397,186,322,408,6,49,503,231,178,80,145,482,713,615,401,77,316,134,638,323,137,174,545,684,268]
323 0.9 [38,4,14,79,11,74,44] [] [908,418,462,711,925,382,644] [397,186,322,408,6,49,503,231,178,80,145,482,713,615,401,77,316,134,638,323,137,174,545,684,268]
324 0.98 [53,35,29,30,78] [16] [] []
325 1.09 [64,84,67,25,49,82,80,18,78,0] [] [] [531,87,114,466,860,900,335,931,991,580,692,507,725,677,795,325,162,388,398,6,916,815,377,820,848,185,318,268,188,3,153,533,686,545,263,720,310]
326 1.19 [81,89,95,32,3,64] [] [834,280,316,613,2] []
327 0.96 [67,7,25,27,37,52,12,9] [798,677] [] [216,679,260,485,570,141,578,228,505,808,305,81,964,40,736,805,327,626,17,490,814,904,975,762,414,106,311,501]
328 1.0 [86,7,35,94,34,56] [] [757,604,132,667,682,340,453,522,166,889] []
329 0.79 [74,4,79,75,33,90,1,16] [28,30] [] []
330 0.92 [38,85,62,8,23,59,20] [] [606,876,96,924,649] []
331 0.89 [62,99,0,88,51,83,61] [] [] []
332 1.04 [16,23,13,88,58,35] [] [475,3,620,542,362,365,189,745] []
333 1.03 [34,59,99,58,62,20,81,37,47,78] [] [104,87,161,136,429,811] []
334 1.0 [99,28,0,83,54,41,11,91,49] [] [227,808,216,751,566,102,259] []
335 1.33 [72,95,3,20,0,50] [] [897,852,564,65,158,176,801,446,196,458,805] [531,87,114,466,860,900,335,931,991,580,692,507,725,677,795,325,162,388,398,6,916,815,377,820,848,185,318,268,188,3,153,533,686,545,263,720,310]
336 0.88 [3,8,91,70,57,37,85,71,93,92] [] [] []
337 0.85 [10,26,92,54,28,94] [] [924,371,301,636,950,622,921,276,2,992,377] []
338 1.0 [78,42,2,57,49,36,70,7] [] [766,109,483,539,91,498,380,824,589] [122,43,408,27,757,663,646,668,156,588,633,262,884,891,816,338,470,883,881,835,692]
339 0.76 [81,47,11,86,9,84] [] [] []
340 1.16 [5,44,77,61,66,55,87,81,38] [] [757,604,132,667,682,328,453,522,166,889] []
341 0.93 [32,96,31,33,36,26] [] [] []
342 1.0 [92,25,32,77,8,20,27] [] [] []
343 0.9 [19,96,80,53,86,90] [854,959] [976,7,973,347,675,485,80] []
344 0.86 [46,33,68,72,44,10,30,8] [] [600,992,415,571,65,92,301,670] []
345 0.96 [88,50,64,10,18,49,7,63,81,48] [] [] [923,434,160,880,33,792,296,667,303,515,345,494,731,754,959,93,898,809,581,820,930,631,917,50,752,848]
346 0.96 [0,43,17,47,14,20] [379] [] []
347 1.09 [55,21,78,75,27,93] [] [398,732,395,596,404,849] [139,165,310,467,925,519,751,804,711,108,276,909,727,891,556,347,824,183,302,520]
348 1.11 [88,36,1,81,39,35,49,38] [] [] []
349 0.88 [56,16,42,39,53,90,59,73,49] [] [] []
350 0.95 [16,52,80,72,81] [] [] []
351 1.04 [36,2,72,71,37] [] [] []
352 0.91 [44,52,34,67,93,36,65,29,94,8] [] [588,375,97,627,421,772,744,70] []
353 0.91 [87,91,36,42,53] [] [] []
354 1.04 [0,97,11,79,28,46,38,3] [] [] []
355 0.94 [36,67,91,80,78] [] [] []
356 0.98 [54,90,52,42,24,40,47,21,81] [] [235,949,174,359,829,39,694,706,796,582] []
357 0.86 [45,30,29,70,53,65,60] [] [] []
358 0.93 [27,67,16,44,84] [] [] []
359 1.0 [12,46,19,75,81,59,67,73,32,50] [] [235,949,174,829,39,694,356,706,796,582] []
360 0.88 [98,45,75,85,13,10,72,63,34] [] [629,295,639,891,760,691,196,387,494] []
361 0.93 [73,13,71,58,31,9] [] [] []
362 1.0 [35,20,82,59,84,25] [] [475,332,3,620,542,365,189,745] []
363 1.0 [74,49,71,84,37,22,79,15] [] [] []
364 0.84 [86,47,59,7,5] [] [599,769,918,444,157,680] []
365 0.95 [6,36,98,46,44,70] [] [475,332,3,620,542,362,189,745] []
366 0.81 [34,38,19,33,5] [] [] []
367 0.94 [99,26,51,84,24] [] [] []
368 1.09 [27,18,74,67,54,42] [] [] []
369 0.72 [29,4,49,51,17,73,44] [] [] []
370 0.91 [1,93,82,47,59,0,81,52,12,5] [] [] []
371 1.01 [15,37,97,48,19,51,95,29,71] [] [924,301,636,337,950,622,921,276,2,992,377] []
372 0.95 [54,62,99,28,39,31,14,30] [] [753,516,803,950,223,655,303,840] []
373 0.97 [1,50,51,16,69,68,33,38] [] [] []
374 0.91 [79,50,39,21,48,7] [] [] []
375 1.24 [18,96,26,89,46,43] [] [588,97,627,421,352,772,744,70] []
376 1.0 [19,21,30,66,85,57] [] [] []
377 0.87 [1,97,40,92,54,61,82] [] [670,289,798,453,408,495] [531,87,114,466,860,900,335,931,991,580,692,507,725,677,795,325,162,388,398,6,916,815,377,820,848,185,318,268,188,3,153,533,686,545,263,720,310]
378 0.88 [36,67,38,9,97,85,33] [631] [] [806,977,195,26,128,258,394,378,208,923,456,3,516,419,655,265,118,900,546,389,990,901,267,474,675,781]
379 0.96 [91,3,68,39,15,65,49] [346] [995,403,595,628,877,918,573,402,72,383] []
380 0.92 [65,4,19,45,51] [] [766,109,483,338,539,91,498,824,589] []
381 1.11 [84,39,95,59,49,89,48,2,10] [] [665,787,800,761,715,297,945] []
382 0.92 [69,75,43,52,41,89,83] [] [908,418,462,323,711,925,644] []
383 0.95 [36,22,90,26,13,19,21,39] [] [995,379,403,595,628,877,918,573,402,72] []
384 0.91 [30,7,42,61,78,16,18,75,60,99] [] [] []
385 0.91 [55,86,91,10,79] [] [] []
386 1.07 [76,28,22,73,67,86,99] [] [] []
387 0.95 [39,8,47,14,90,76,15,12,73] [] [629,295,639,360,891,760,691,196,494] []
388 0.9 [38,92,72,89,6,12,24,74] [] [] [531,87,114,466,860,900,335,931,991,580,692,507,725,677,795,325,162,388,398,6,916,815,377,820,848,185,318,268,188,3,153,533,686,545,263,720,310]
389 0.93 [28,14,62,1,98,21,23,69] [] [] [806,977,195,26,128,258,394,378,208,923,456,3,516,419,655,265,118,900,546,389,990,901,267,474,675,781]
390 0.9 [52,75,61,89,77] [] [] []
391 0.85 [10,48,59,24,46,94,8] [] [664,883,786,570,516,425,194,937,833,10,912] []
392 0.95 [95,9,98,84,52,24,45,26,97,82] [] [416,29,25,889,62,33,181,542] []
393 0.77 [57,10,50,32,63,76] [] [] []
394 1.24 [4,71,22,38,78,84,44,76] [] [796,67,172,953,595,889,248] [806,977,195,26,128,258,394,378,208,923,456,3,516,419,655,265,118,900,546,389,990,901,267,474,675,781]
395 0.85 [34,13,44,79,78] [] [398,732,347,596,404,849] []
396 0.86 [58,48,53,89,40,65,72,35,42,85] [] [] []
397 0.88 [54,41,95,71,50,52,15] [] [] [397,186,322,408,6,49,503,231,178,80,145,482,713,615,401,77,316,134,638,323,137,174,545,684,268]
398 0.93 [39,22,56,72,95,6,30,91,96] [] [732,347,395,596,404,849] [531,87,114,466,860,900,335,931,991,580,692,507,725,677,795,325,162,388,398,6,916,815,377,820,848,185,318,268,188,3,153,533,686,545,263,720,310]
399 0.84 [20,56,13,19,78,52,39,82,24,44] [] [] []
400 0.9 [27,18,46,94,0,75] [] [] []
401 1.0 [0,75,80,23,16,32,7,84,45] [] [] [397,186,322,408,6,49,503,231,178,80,145,482,713,615,401,77,316,134,638,323,137,174,545,684,268]
402 0.97 [98,91,71,43,34,36,28,77,86] [] [995,379,403,595,628,877,918,573,72,383] []
403 0.99 [87,9,74,18,33,30] [] [995,379,595,628,877,918,573,402,72,383] []
404 1.0 [76,27,48,56,63,18] [] [398,732,347,395,596,849] []
405 0.89 [81,47,64,37,36] [] [] []
406 0.93 [85,4,42,84,26,57,13] [] [] []
407 0.97 [55,11,37,4,36,63,23,80] [] [] []
408 1.0 [80,98,23,37,39] [] [670,377,289,798,453,495] [122,43,408,27,757,663,646,668,156,588,633,262,884,891,816,338,470,883,881,835,692]
409 0.91 [3,37,54,56,28] [] [] []
410 0.82 [43,42,27,76,31,7,21,36] [] [] []
411 1.0 [54,90,98,59,84,63] [834] [] []
412 0.98 [81,37,17,59,47] [] [] []
413 0.76 [19,41,92,51,3] [976] [] []
414 0.82 [51,25,74,86,44,31] [] [35,473,939,663,301,255,208,724] [216,679,260,485,570,141,578,228,505,808,305,81,964,40,736,805,327,626,17,490,814,904,975,762,414,106,311,501]
415 0.97 [97,38,17,45,13,23,8] [] [600,992,571,65,92,344,301,670] []
416 0.86 [26,88,63,11,70,79,42,58,27,49] [] [808,610,596,40] []
417 1.17 [55,86,51,93,38,98,49,52,32,13] [] [] []
418 0.97 [21,0,51,72,80,9,38,85,87,8] [] [908,462,323,711,925,382,644] []
419 1.05 [72,70,54,8,4,86] [] [] [806,977,195,26,128,258,394,378,208,923,456,3,516,419,655,265,118,900,546,389,990,901,267,474,675,781]
420 0.96 [7,19,13,20,71,41,47,11] [] [37,205,654,67,622,230] []
421 0.98 [69,96,63,75,13,66,0,43,33] [] [588,375,97,627,352,772,744,70] []
422 1.04 [77,33,15,81,84,17,12,58] [] [] []
423 0.86 [85,42,81,23,45,78,97] [] [] []
424 0.9 [12,88,86,56,72] [] [] []
425 0.92 [55,50,63,16,84,11] [] [398,629,282,601,206,583] []
426 0.81 [6,7,30,49,54,32,97,53] [] [] []
427 0.92 [91,28,52,39,51] [] [] []
428 0.89 [4,93,61,90,8,29,11,63,65] [] [] []
429 1.4 [53,27,31,29,7] [] [104,87,161,136,333,811] []
430 0.92 [65,70,21,44,40,31] [126,224] [] []
431 1.0 [27,37,83,14,4,15,0,11,57] [] [] []
432 0.91 [38,5,42,46,13,28,29] [] [] []
433 0.92 [7,64,58,23,98] [] [134,929,905,614,208] []
434 1.02 [4,56,55,71,54,78,91,33,14] [] [] [923,434,160,880,33,792,296,667,303,515,345,494,731,754,959,93,898,809,581,820,930,631,917,50,752,848]
435 0.94 [64,18,25,90,89,88] [] [] []
436 0.91 [99,28,27,13,39,32,44,85,41] [768,147] [] []
437 1.13 [52,13,35,78,74] [] [] []
438 0.9 [67,11,77,89,78,39,0,26,23] [] [] []
439 0.97 [90,0,14,99,73,21,75] [] [] []
440 1.02 [87,77,59,35,3,81,11,32] [] [514,468,619,830,578,67,81,870,443,743] []
441 0.9 [69,38,54,62,50,74] [] [] []
442 1.0 [4,13,6,83,69,43,70,64,66] [] [] []
443 1.14 [47,69,4,5,41,92,98] [942,171] [514,468,619,830,578,67,81,870,440,743] []
444 0.78 [18,55,72,78,84,82,63,53] [] [599,364,769,918,157,680] []
445 0.86 [72,43,48,60,53,91,77,17,65] [] [] []
446 1.28 [32,46,35,66,78,90,89,34,69] [] [897,335,852,564,65,158,176,801,196,458,805] []
447 1.22 [2,94,68,5,43] [] [] []
448 0.93 [0,79,57,43,36,34,45,89,64] [] [] []
449 0.88 [60,64,37,42,4,35,82] [] [] []
450 1.0 [89,68,60,8,67,55,27] [] [] []
451 1.0 [86,56,85,38,23,82] [295] [] []
452 0.94 [91,14,29,71,59,77,89,47] [] [] []
453 0.92 [12,84,46,73,39,38,82,54] [] [757,604,132,667,682,328,340,522,166,889] []
454 0.9 [14,15,45,35,84,90,64,44,79] [] [815,671,421,994,546,871,257,833,939,807,902] []
455 0.87 [48,6,0,62,14,82,61] [] [] []
456 0.94 [32,37,99,17,12,68] [863,619] [] [806,977,195,26,128,258,394,378,208,923,456,3,516,419,655,265,118,900,546,389,990,901,267,474,675,781]
457 1.23 [60,30,6,78,14,67,90,21,98] [] [] []
458 1.01 [32,47,87,13,78,96,65,88,45] [] [897,335,852,564,65,158,176,801,446,196,805] []
459 0.83 [68,70,33,96,43,86] [] [] []
460 0.84 [93,49,48,0,46] [] [] []
461 0.99 [55,52,46,58,97,91,14] [] [] []
462 1.0 [44,35,6,66,62,72,51,0,53] [] [908,418,323,711,925,382,644] []
463 1.0 [78,25,22,48,9,55,45,35] [] [] []
464 0.88 [76,75,57,66,53,14,19] [] [] []
465 1.14 [3,0,74,5,61,2,60] [] [] []
466 1.0 [95,44,54,61,57,46,29,68,92,94] [] [] [531,87,114,466,860,900,335,931,991,580,692,507,725,677,795,325,162,388,398,6,916,815,377,820,848,185,318,268,188,3,153,533,686,545,263,720,310]
467 0.87 [19,2,69,40,70,26,1,90,16] [] [] [139,165,310,467,925,519,751,804,711,108,276,909,727,891,556,347,824,183,302,520]
468 1.33 [86,44,26,50,3] [] [514,619,830,578,67,81,870,443,440,743] []
469 0.87 [51,39,47,96,60] [585,784] [] []
470 0.8 [33,99,4,52,46,73] [] [] [122,43,408,27,757,663,646,668,156,588,633,262,884,891,816,338,470,883,881,835,692]
471 1.01 [73,30,76,55,12,84] [] [] []
472 0.9 [59,37,23,35,47,53] [] [] []
473 0.9 [41,91,22,30,54,3,46] [] [35,939,414,663,301,255,208,724] []
474 0.91 [27,16,73,33,5,17,6,83] [] [] [806,977,195,26,128,258,394,378,208,923,456,3,516,419,655,265,118,900,546,389,990,901,267,474,675,781]
475 0.89 [40,23,88,95,28,71,74,91] [] [332,3,620,542,362,365,189,745] []
476 0.9 [18,85,48,88,74] [] [] []
477 1.0 [28,41,25,13,83,69,0,27,76] [] [] []
478 0.84 [70,13,39,73,22,57] [241,987] [881,793,634,849,58,698,52,799,11,320,827] []
479 0.81 [34,73,75,28,8,79,47,99,98,96] [] [] []
480 1.0 [24,94,41,74,83,40,10,43,20] [] [] []
481 0.83 [29,19,69,83,82] [] [] []
482 0.93 [92,37,11,80,31,17,22,35,30] [] [841,770,894,810] [397,186,322,408,6,49,503,231,178,80,145,482,713,615,401,77,316,134,638,323,137,174,545,684,268]
483 0.9 [26,48,0,38,79,63,42,16] [] [766,109,338,539,91,498,380,824,589] []
484 0.93 [68,59,16,89,81,48,93,53,86] [] [] []
485 0.87 [79,78,67,46,2,88,60] [] [343,976,7,973,347,675,80] [216,679,260,485,570,141,578,228,505,808,305,81,964,40,736,805,327,626,17,490,814,904,975,762,414,106,311,501]
486 0.72 [0,31,10,30,42,21,2,45,62] [] [] []
487 0.85 [97,84,34,36,60,57,40,1,37] [] [] []
488 0.86 [18,82,6,42,75,15,79] [] [] []
489 0.97 [72,76,35,53,46] [] [] []
490 0.86 [57,27,61,98,62,88,52,53,85] [] [654,748,584,216,786,58,630,650] [216,679,260,485,570,141,578,228,505,808,305,81,964,40,736,805,327,626,17,490,814,904,975,762,414,106,311,501]
491 0.81 [35,49,65,41,48,36,85,70,91] [] [] []
492 1.0 [19,81,21,71,93,28] [] [] []
493 0.92 [68,77,33,94,99,65,54,98] [740] [] []
494 0.95 [95,92,36,48,91,66,76,42,18,24] [] [629,295,639,360,891,760,691,196,387] [923,434,160,880,33,792,296,667,303,515,345,494,731,754,959,93,898,809,581,820,930,631,917,50,752,848]
495 1.02 [8,33,67,61,41,12,10,35,65,48] [] [670,377,289,798,453,408] []
496 0.9 [18,93,32,38,65,60,28,4,95] [] [] []
497 1.0 [86,52,37,93,39,18,29] [0,142] [] []
498 0.86 [45,14,17,4,12,86,2,51,61,43] [] [766,109,483,338,539,91,380,824,589] []
499 0.83 [22,45,77,72,91,15,51,30,89] [] [] []
500 1.03 [33,62,6,3,34,64,13] [] [] []
501 0.75 [85,42,82,18,17,80,98,9,8,56] [] [] [216,679,260,485,570,141,578,228,505,808,305,81,964,40,736,805,327,626,17,490,814,904,975,762,414,106,311,501]
502 1.07 [36,55,10,25,22] [] [] []
503 0.79 [3,81,83,27,87,76] [] [] [397,186,322,408,6,49,503,231,178,80,145,482,713,615,401,77,316,134,638,323,137,174,545,684,268]
504 0.8 [37,13,22,73,69,32,96,43] [] [681,498,316,303,845,966,949,569,758,624,298] []
505 1.04 [27,37,97,58,45,60,90,18,52,99] [] [74,262,167,615] [216,679,260,485,570,141,578,228,505,808,305,81,964,40,736,805,327,626,17,490,814,904,975,762,414,106,311,501]
506 0.94 [88,28,95,80,0,73,69,15,2] [] [] []
507 0.89 [91,17,88,35,24,77,53,87,86,93] [] [] [531,87,114,466,860,900,335,931,991,580,692,507,725,677,795,325,162,388,398,6,916,815,377,820,848,185,318,268,188,3,153,533,686,545,263,720,310]
508 0.89 [77,51,99,85,37,63] [] [] []
509 0.93 [75,33,7,61,20] [] [107,245,656,866,521,550,187] []
510 1.0 [36,89,50,84,43,92,55] [] [] []
511 0.77 [3,77,42,15,97,98,94] [] [] []
512 0.76 [2,76,61,60,85,98,10,33] [] [] []
513 0.92 [70,18,88,53,63,73,57,52] [678] [] []
514 1.18 [56,63,69,50,98,67,99,62,0,53] [] [468,619,830,578,67,81,870,443,440,743] []
515 0.76 [73,99,98,77,6,60,27,42,22] [] [] [923,434,160,880,33,792,296,667,303,515,345,494,731,754,959,93,898,809,581,820,930,631,917,50,752,848]
516 0.98 [49,67,32,7,73,52] [] [391,664,883,786,570,425,194,937,833,10,912] [806,977,195,26,128,258,394,378,208,923,456,3,516,419,655,265,118,900,546,389,990,901,267,474,675,781]
517 0.82 [87,34,95,21,53,99,51,12,63] [] [] []
518 0.82 [85,95,35,96,51,32] [] [] []
519 1.0 [87,58,8,34,76,24,97] [] [] [139,165,310,467,925,519,751,804,711,108,276,909,727,891,556,347,824,183,302,520]
520 0.96 [51,77,83,64,26,96] [] [] [139,165,310,467,925,519,751,804,711,108,276,909,727,891,556,347,824,183,302,520]
521 0.86 [92,29,14,68,18] [] [107,245,656,866,509,550,187] []
522 0.51 [33,27,9,77,57] [] [757,604,132,667,682,328,340,453,166,889] []
523 1.0 [54,10,82,65,46,17,50,15] [] [] []
524 1.0 [59,58,76,85,2,97,55,31] [] [] []
525 0.92 [1,53,0,47,45,22,49,29] [] [] []
526 1.02 [93,38,96,81,15,99,60] [] [] []
527 1.01 [44,81,40,47,28,48,77,65,3,91] [] [] []
528 0.9 [8,73,87,43,64,37,50,21,46,89] [] [107,123,819,44,743,264,73,35,984,989] []
529 1.01 [88,60,84,64,59,26,13,58,9,46] [741,873] [] []
530 0.88 [32,21,3,28,0] [] [] []
531 0.85 [58,17,63,46,71,31,76,64] [] [] [531,87,114,466,860,900,335,931,991,580,692,507,725,677,795,325,162,388,398,6,916,815,377,820,848,185,318,268,188,3,153,533,686,545,263,720,310]
532 0.86 [34,85,42,89,38] [] [] []
533 0.98 [41,4,66,35,31,98,76] [138] [] [531,87,114,466,860,900,335,931,991,580,692,507,725,677,795,325,162,388,398,6,916,815,377,820,848,185,318,268,188,3,153,533,686,545,263,720,310]
534 0.98 [95,12,16,42,33,41] [] [] []
535 0.91 [83,22,69,33,18,24,65,99,14] [] [] []
536 1.0 [98,14,51,38,46,35] [] [] []
537 0.87 [57,89,94,24,25,91,78,62] [] [] []
538 0.85 [5,42,22,86,1,75,77,26,19] [] [] []
539 0.89 [65,11,55,37,92,45,75,47,0,62] [] [766,109,483,338,91,498,380,824,589] []
540 0.89 [81,89,30,66,51,7,29,85,9,61] [] [] []
541 1.0 [43,73,96,99,63,82,8] [] [652,739,246,174,429,800,576,421,768] []
542 1.08 [1,94,83,53,88,48,22,68,34,36] [] [416,29,25,889,62,33,181,392] []
543 0.86 [30,2,91,66,75,17] [] [] []
544 0.96 [26,5,42,83,68,48] [] [] []
545 1.34 [62,81,46,20,77,94] [] [] [531,87,114,466,860,900,335,931,991,580,692,507,725,677,795,325,162,388,398,6,916,815,377,820,848,185,318,268,188,3,153,533,686,545,263,720,310]
546 0.89 [48,35,55,73,13,60,19] [] [815,671,421,994,871,257,833,939,807,902,454] [806,977,195,26,128,258,394,378,208,923,456,3,516,419,655,265,118,900,546,389,990,901,267,474,675,781]
547 0.77 [49,70,27,36,93,58,65,92] [] [] []
548 1.26 [5,33,57,52,93,81,48] [] [] []
549 0.99 [43,90,68,79,54] [] [882,286,52,734,890] []
550 1.0 [84,74,54,49,89,78,40,68,12] [750,768] [107,245,656,866,521,509,187] []
551 0.85 [37,42,71,62,46,76,97,10] [] [] []
552 0.95 [94,28,26,78,45,81,90,43,31] [] [] [664,784,289,587,987,953,717,596,552,414,656,745]
553 0.8 [94,10,77,38,37,2,64,25,49] [48] [] []
554 0.93 [72,23,35,2,70,62,46,91] [] [] []
555 0.79 [21,73,18,32,72,68,36,74,10] [] [148,50,160,914,13,906,180,81,169] []
556 0.93 [51,39,43,92,66,69,45,88] [] [] [139,165,310,467,925,519,751,804,711,108,276,909,727,891,556,347,824,183,302,520]
557 0.91 [66,36,39,52,9,82] [] [] []
558 0.87 [15,2,19,1,64] [] [] []
559 0.87 [12,25,16,24,72,46] [890,837] [] []
560 1.2 [90,24,41,14,68,97,44,88,19,1] [] [] []
561 0.72 [99,37,43,15,78,40,68] [] [] []
562 0.98 [63,87,12,50,14,69,44,46,11,4] [985] [] []
563 1.05 [63,97,0,3,42,68] [] [] []
564 0.87 [7,11,1,65,98,84,33,72,55] [] [897,335,852,65,158,176,801,446,196,458,805] []
565 1.03 [96,25,98,14,34] [] [] []
566 1.19 [36,33,47,99,26,12,46,74,17,52] [] [227,808,216,751,102,259,334] []
567 1.05 [64,65,86,40,91,50] [] [] []
568 0.96 [12,45,87,44,4,77,59] [] [] []
569 0.8 [4,72,53,81,61,36] [] [681,498,504,316,303,845,966,949,758,624,298] []
570 0.96 [12,25,70,38,35] [] [391,664,883,786,516,425,194,937,833,10,912] [216,679,260,485,570,141,578,228,505,808,305,81,964,40,736,805,327,626,17,490,814,904,975,762,414,106,311,501]
571 0.94 [51,33,43,63,34,32,53,67,49] [] [600,992,415,65,92,344,301,670] []
572 0.94 [40,92,63,19,41,33] [] [] []
573 1.03 [29,89,39,94,77,45,46,12] [] [995,379,403,595,628,877,918,402,72,383] []
574 1.0 [17,36,2,81,94,32,56] [] [] []
575 0.88 [54,15,79,60,22,62,37,96,74] [] [] []
576 0.86 [79,41,2,54,43,63,24,48] [] [652,739,246,174,429,541,800,421,768] []
577 1.0 [33,3,89,25,1,65,99,36,7,81] [] [] []
578 0.95 [77,31,57,83,24,27,9,39,49,63] [] [514,468,619,830,67,81,870,443,440,743] [216,679,260,485,570,141,578,228,505,808,305,81,964,40,736,805,327,626,17,490,814,904,975,762,414,106,311,501]
579 0.86 [20,94,79,29,3,32] [] [] []
580 0.78 [32,52,60,13,61] [] [] [531,87,114,466,860,900,335,931,991,580,692,507,725,677,795,325,162,388,398,6,916,815,377,820,848,185,318,268,188,3,153,533,686,545,263,720,310]
581 0.94 [38,80,71,34,37,47,77,3,84,78] [] [] [923,434,160,880,33,792,296,667,303,515,345,494,731,754,959,93,898,809,581,820,930,631,917,50,752,848]
582 0.99 [26,30,43,24,7,81,90,13,97,14] [] [235,949,174,359,829,39,694,356,706,796] []
583 0.86 [97,0,96,68,34,42,11,52,39] [] [425,398,629,282,601,206] []
584 1.0 [94,60,38,63,21,71,35] [] [654,748,216,490,786,58,630,650] []
585 1.0 [16,18,70,28,48,17,44] [784,469] [] []
586 0.93 [45,59,36,43,50,89,39,67,35] [] [] []
587 0.98 [48,27,22,90,46,61] [] [] [664,784,289,587,987,953,717,596,552,414,656,745]
588 1.08 [66,23,83,7,27] [] [375,97,627,421,352,772,744,70] [122,43,408,27,757,663,646,668,156,588,633,262,884,891,816,338,470,883,881,835,692]
589 0.99 [87,5,28,20,90,23,52,92,35] [] [766,109,483,338,539,91,498,380,824] []
590 1.01 [44,93,96,46,20,95,67,89,0] [] [] []
591 1.07 [57,82,92,70,45,41,6] [] [] []
592 0.98 [15,3,45,65,48,29,37,34] [] [] []
593 0.83 [0,71,37,30,40,43,95,45] [] [] []
594 0.95 [92,62,94,15,2,36,74,49,48] [] [] []
595 1.0 [78,1,55,35,38,18,0,52,97,12] [] [995,379,403,628,877,918,573,402,72,383] []
596 1.01 [26,71,1,68,12,86,76,69] [] [398,732,347,395,404,849] [664,784,289,587,987,953,717,596,552,414,656,745]
597 0.93 [83,92,81,1,20,47,54,36] [] [] []
598 0.97 [87,78,37,18,26,75,51,62,88] [] [] []
599 0.96 [35,36,84,86,81] [88] [364,769,918,444,157,680] []
600 1.2 [37,1,16,12,58,39] [] [992,415,571,65,92,344,301,670] []
601 0.9 [95,47,16,50,75,24] [] [425,398,629,282,206,583] []
602 0.93 [12,48,58,65,17,36,90] [] [] []
603 0.83 [35,25,52,91,14] [] [] []
604 0.96 [85,42,38,95,88,83,53,21] [] [757,132,667,682,328,340,453,522,166,889] []
605 0.98 [46,58,61,81,95,93,99,30,25,49] [] [] []
606 0.93 [80,18,68,17,38,77,64,46,95] [] [876,96,924,649,330] []
607 0.95 [18,10,11,0,9] [] [] []
608 0.93 [51,82,76,20,21,28] [] [] []
609 0.83 [34,81,45,9,63,60,18] [] [] []
610 0.94 [97,16,43,64,22] [] [808,416,596,40] []
611 0.77 [15,20,47,2,45,75,1,17,85,63] [] [] []
612 0.92 [85,63,27,23,9,17,24,76] [] [] []
613 1.0 [12,6,28,61,68,94,35,96,40] [] [326,834,280,316,2] []
614 0.86 [61,81,71,44,82,14,18,11] [] [134,929,905,433,208] []
615 0.88 [84,18,68,55,99] [] [74,505,262,167] [397,186,322,408,6,49,503,231,178,80,145,482,713,615,401,77,316,134,638,323,137,174,545,684,268]
616 0.96 [49,26,54,83,77,86,11,10] [] [] []
617 1.0 [52,24,2,64,3,79,47,40,60,58] [] [] []
618 0.86 [32,27,93,20,35,1,44,17,45] [] [] []
619 0.95 [34,85,84,32,33,36] [863,456] [514,468,830,578,67,81,870,443,440,743] []
620 0.91 [11,57,28,1,52,69,49,76,27,71] [] [475,332,3,542,362,365,189,745] []
621 1.33 [98,39,38,45,64,43,47] [] [] []
622 0.88 [71,78,97,84,8,82,88] [] [924,371,301,636,337,950,921,276,2,992,377] []
623 1.0 [77,56,59,71,30,89] [] [] []
624 0.92 [22,46,60,25,61,63,47] [] [681,498,504,316,303,845,966,949,569,758,298] []
625 0.83 [65,60,85,98,58,50,43,23,87,84] [] [] []
626 1.0 [83,49,43,88,62,65] [] [] [216,679,260,485,570,141,578,228,505,808,305,81,964,40,736,805,327,626,17,490,814,904,975,762,414,106,311,501]
627 1.0 [18,71,26,20,82,74] [] [588,375,97,421,352,772,744,70] []
628 1.25 [29,38,23,44,61,67,43,98,8,24] [] [995,379,403,595,877,918,573,402,72,383] []
629 0.77 [7,24,61,76,43,95,34,63,56,32] [] [425,398,282,601,206,583] []
630 1.22 [54,73,71,38,79,64] [] [654,748,584,216,490,786,58,650] []
631 1.12 [24,13,69,40,56] [378] [] [923,434,160,880,33,792,296,667,303,515,345,494,731,754,959,93,898,809,581,820,930,631,917,50,752,848]
632 0.93 [25,92,37,75,94,58] [] [] []
633 0.95 [70,30,67,50,11,88] [198] [] [122,43,408,27,757,663,646,668,156,588,633,262,884,891,816,338,470,883,881,835,692]
634 1.02 [47,78,76,51,17] [917] [881,793,478,849,58,698,52,799,11,320,827] []
635 0.86 [33,43,36,70,41,86,5,92,73] [] [] []
636 0.94 [96,2,27,9,15,37,14,42] [] [924,371,301,337,950,622,921,276,2,992,377] []
637 0.93 [47,89,85,83,42,70,18,49] [] [] []
638 0.82 [17,86,24,58,71,91] [] [] [397,186,322,408,6,49,503,231,178,80,145,482,713,615,401,77,316,134,638,323,137,174,545,684,268]
639 0.9 [87,99,25,46,95,49,90] [] [629,295,360,891,760,691,196,387,494] []
640 1.19 [29,81,77,63,89,66] [] [] []
641 1.05 [6,97,81,35,32,53] [] [] []
642 0.98 [33,4,58,69,73,42,46] [] [] []
643 0.8 [82,96,0,64,53] [] [] []
644 0.97 [98,76,55,99,60,78,34] [] [908,418,462,323,711,925,382] []
645 1.17 [83,10,58,47,57,54,37] [] [] []
646 0.93 [48,42,19,79,63,38,26,31,14] [] [] [122,43,408,27,757,663,646,668,156,588,633,262,884,891,816,338,470,883,881,835,692]
647 1.0 [89,19,91,72,87,9,24,2] [] [] []
648 0.92 [93,60,57,30,62,84,22] [] [] []
649 0.87 [17,10,95,61,34,4,68,74,51,78] [] [606,876,96,924,330] []
650 1.0 [49,92,75,63,77,54,22,46,27] [] [654,748,584,216,490,786,58,630] []
651 1.0 [71,7,73,94,98,29,35,37,89,28] [] [265,188,162,81,25,150,279,156,733] []
652 0.88 [23,84,46,22,95,72,86,3,56] [] [739,246,174,429,541,800,576,421,768] []
653 0.96 [77,33,18,66,5,24,36,35,80,48] [] [] []
654 0.98 [91,51,75,8,69,68,92] [] [748,584,216,490,786,58,630,650] []
655 0.94 [38,2,29,9,10,94] [725] [753,516,803,950,372,223,303,840] [806,977,195,26,128,258,394,378,208,923,456,3,516,419,655,265,118,900,546,389,990,901,267,474,675,781]
656 0.96 [24,89,4,62,94,93,60,31] [] [107,245,866,521,509,550,187] [664,784,289,587,987,953,717,596,552,414,656,745]
657 2.01 [84,1,12,40,27,54,4] [] [] []
658 1.0 [75,48,39,76,25,17,36,69] [] [] []
659 0.71 [81,63,9,37,72,46,16,41] [288,907] [236,660,639,222] []
660 0.8 [92,45,66,75,65,95] [] [236,639,222,659] []
661 0.66 [57,28,27,36,5,75,58] [] [] []
662 0.93 [18,36,43,39,49,53,79,28,21] [] [] []
663 1.02 [58,0,92,76,47,57,25] [] [35,473,939,414,301,255,208,724] [122,43,408,27,757,663,646,668,156,588,633,262,884,891,816,338,470,883,881,835,692]
664 0.98 [82,22,48,68,85,44] [] [391,883,786,570,516,425,194,937,833,10,912] [664,784,289,587,987,953,717,596,552,414,656,745]
665 0.89 [10,8,6,29,30,56,54,49] [] [787,800,761,381,715,297,945] []
666 0.97 [52,3,79,62,10] [] [] []
667 0.87 [89,33,87,74,99,67,65,39,78] [] [757,604,132,682,328,340,453,522,166,889] [923,434,160,880,33,792,296,667,303,515,345,494,731,754,959,93,898,809,581,820,930,631,917,50,752,848]
668 0.95 [61,56,8,22,20,74,23,85,82,71] [] [] [122,43,408,27,757,663,646,668,156,588,633,262,884,891,816,338,470,883,881,835,692]
669 0.89 [9,81,70,11,77] [] [] []
670 0.89 [50,56,45,60,62,99,64,28,89] [] [377,289,798,453,408,495] []
671 0.9 [56,67,51,15,36] [] [815,421,994,546,871,257,833,939,807,902,454] []
672 0.93 [92,26,88,3,42,32,93] [] [] []
673 0.95 [29,80,96,59,62,14,19,98,78] [] [] []
674 1.33 [83,8,88,86,67,73,85,84,23] [] [] []
675 1.01 [57,68,98,44,45] [] [343,976,7,973,347,485,80] [806,977,195,26,128,258,394,378,208,923,456,3,516,419,655,265,118,900,546,389,990,901,267,474,675,781]
676 0.92 [99,27,28,21,7,43,95] [] [] []
677 0.93 [42,33,26,11,84,99,83] [798,327] [] [531,87,114,466,860,900,335,931,991,580,692,507,725,677,795,325,162,388,398,6,916,815,377,820,848,185,318,268,188,3,153,533,686,545,263,720,310]
678 0.96 [99,55,10,58,38,78,91,24] [998,185] [] []
679 0.95 [60,86,18,13,64,15,39,14,81] [] [188,308,29,103,132] [216,679,260,485,570,141,578,228,505,808,305,81,964,40,736,805,327,626,17,490,814,904,975,762,414,106,311,501]
680 0.96 [45,78,51,17,54,9,96,29] [] [599,364,769,918,444,157] []
681 0.81 [41,19,1,90,77,13,80,10,17,82] [] [498,504,316,303,845,966,949,569,758,624,298] []
682 0.93 [84,1,34,72,27,88,17,69] [881,912] [757,604,132,667,328,340,453,522,166,889] []
683 0.94 [75,8,41,26,57,85,12,87,59,11] [] [] []
684 0.87 [4,75,1,83,29,70,30,12] [] [] [397,186,322,408,6,49,503,231,178,80,145,482,713,615,401,77,316,134,638,323,137,174,545,684,268]
685 0.96 [21,85,90,86,82] [] [] []
686 0.78 [1,35,42,26,22,7,83,91,61,95] [] [] [531,87,114,466,860,900,335,931,991,580,692,507,725,677,795,325,162,388,398,6,916,815,377,820,848,185,318,268,188,3,153,533,686,545,263,720,310]
687 0.9 [29,38,63,8,5,81,91,15,89,11] [] [] []
688 0.85 [90,1,48,99,73,11,40,18] [] [] []
689 0.8 [95,19,47,31,17,74,20,28,68,77] [] [] []
690 1.97 [96,88,46,55,17,43] [] [] []
691 1.96 [1,18,63,83,94,36,13,72,14,15] [32] [629,295,639,360,891,760,196,387,494] []
692 1.95 [2,39,92,82,16,28,81] [] [] [122,43,408,27,757,663,646,668,156,588,633,262,884,891,816,338,470,883,881,835,692]
693 2.04 [34,23,55,71,78,27] [] [] []
694 1.85 [26,50,82,53,76,19] [] [235,949,174,359,829,39,356,706,796,582] []
695 1.93 [0,25,24,79,59] [] [] []
696 1.85 [69,2,38,57,18,67,83,78,36,58] [] [] []
697 2.0 [20,87,41,44,46,78] [] [] []
698 1.91 [63,46,23,2,48,7,5,25,43] [] [881,793,634,478,849,58,52,799,11,320,827] []
699 1.87 [28,5,35,62,94,6,23,22] [] [] []
700 1.82 [58,25,57,80,28,82,43,87,97] [] [] []
701 1.83 [88,20,1,95,83,58,60,45,52,8] [] [] []
702 1.93 [99,23,65,14,82,37,98,73,96,27] [] [] []
703 1.96 [87,24,32,28,54,29,3,79] [] [] []
704 1.89 [38,96,74,64,14,21] [41] [] []
705 1.95 [40,7,54,18,80,70,43,99] [805,993] [] []
706 2.04 [2,8,73,70,58,86] [] [235,949,174,359,829,39,694,356,796,582] []
707 1.89 [2,99,88,7,96,63,29,15,77] [] [861,68,757,712,858,93,315,987] []
708 1.84 [94,89,52,81,73,18,91,63,25,96] [] [] []
709 1.85 [66,99,44,4,89,58,5,81] [] [] []
710 2.03 [35,68,41,88,65,34,3,66,46] [] [] []
711 1.83 [41,74,52,1,22,35,99,42,9] [] [908,418,462,323,925,382,644] [139,165,310,467,925,519,751,804,711,108,276,909,727,891,556,347,824,183,302,520]
712 1.72 [13,60,42,95,84,15] [] [707,861,68,757,858,93,315,987] []
713 2.03 [54,51,15,38,69,28,52,80,94,53] [] [] [397,186,322,408,6,49,503,231,178,80,145,482,713,615,401,77,316,134,638,323,137,174,545,684,268]
714 1.98 [55,79,40,43,90,58,71,25] [] [] []
715 1.8 [90,18,92,61,94,79,76,75] [] [665,787,800,761,381,297,945] []
716 1.93 [62,29,79,14,11,30,38,66] [] [] []
717 1.95 [5,85,42,64,92,81,56,63,50,99] [] [] [664,784,289,587,987,953,717,596,552,414,656,745]
718 1.83 [43,82,7,34,28,33] [] [] []
719 1.58 [72,68,33,24,39] [] [] []
720 1.61 [3,72,88,98,47,73,97,26,30] [] [] [531,87,114,466,860,900,335,931,991,580,692,507,725,677,795,325,162,388,398,6,916,815,377,820,848,185,318,268,188,3,153,533,686,545,263,720,310]
721 1.68 [59,45,84,44,24,43] [] [] []
722 1.82 [24,80,4,35,31,15,61,16,75,28] [] [] []
723 0.96 [8,24,37,33,93,77,32] [] [] []
724 0.93 [70,15,32,34,76,72,84] [] [35,473,939,414,663,301,255,208] []
725 1.0 [96,4,88,52,33,16,98,21,85,54] [655] [] [531,87,114,466,860,900,335,931,991,580,692,507,725,677,795,325,162,388,398,6,916,815,377,820,848,185,318,268,188,3,153,533,686,545,263,720,310]
726 0.95 [39,73,37,46,5,47,62,1,6] [] [] []
727 1.14 [13,81,6,65,8] [] [] [139,165,310,467,925,519,751,804,711,108,276,909,727,891,556,347,824,183,302,520]
728 1.0 [61,58,30,98,79] [] [] []
729 1.0 [45,69,97,85,55,8] [] [] []
730 0.97 [11,85,33,82,86,5,80,0,95] [] [] []
731 0.91 [63,75,48,53,89,82,56,50,74] [] [] [923,434,160,880,33,792,296,667,303,515,345,494,731,754,959,93,898,809,581,820,930,631,917,50,752,848]
732 0.87 [80,26,21,6,28,86,33] [] [172,168,307,265,802,22,108] []
733 0.96 [3,52,62,48,54,79,77,90,81,32] [] [265,188,162,81,25,150,279,651,156] []
734 1.11 [25,41,55,4,63,14,98,93,95] [] [549,882,286,52,890] []
735 0.82 [73,91,40,15,55,17] [] [] []
736 0.94 [62,92,14,71,85,54] [] [] [216,679,260,485,570,141,578,228,505,808,305,81,964,40,736,805,327,626,17,490,814,904,975,762,414,106,311,501]
737 0.92 [82,84,64,47,95,65,85,79,87] [] [] []
738 0.91 [36,38,8,44,68,90] [] [] []
739 0.96 [65,76,3,34,21,4] [] [652,246,174,429,541,800,576,421,768] []
740 0.96 [62,25,27,52,35,96,9] [121] [] []
741 0.99 [54,1,85,78,66,9] [873,529] [] []
742 0.94 [50,67,61,93,23,34,81,0,59,41] [] [] []
743 0.96 [34,85,53,78,32] [] [107,123,819,44,528,264,73,35,984,989] []
744 0.88 [17,11,84,31,36,25,40] [] [588,375,97,627,421,352,772,70] []
745 1.0 [88,65,30,33,95,38] [] [475,332,3,620,542,362,365,189] [664,784,289,587,987,953,717,596,552,414,656,745]
746 0.95 [47,19,66,90,2,3,69] [] [] []
747 0.9 [64,59,94,83,86] [] [] []
748 0.99 [10,49,56,98,16] [] [654,584,216,490,786,58,630,650] []
749 1.0 [5,3,94,69,79,59,45,1] [] [] []
750 2.0 [7,0,93,63,41,52] [550,768] [] []
751 0.95 [88,36,61,10,38,59,56] [] [227,808,216,566,102,259,334] [139,165,310,467,925,519,751,804,711,108,276,909,727,891,556,347,824,183,302,520]
752 0.86 [16,44,25,48,36,11] [] [] [923,434,160,880,33,792,296,667,303,515,345,494,731,754,959,93,898,809,581,820,930,631,917,50,752,848]
753 0.92 [36,49,7,58,70,94,98] [] [516,803,950,372,223,655,303,840] []
754 0.87 [38,66,26,52,49,82,32,18] [] [] [923,434,160,880,33,792,296,667,303,515,345,494,731,754,959,93,898,809,581,820,930,631,917,50,752,848]
755 1.02 [84,64,61,40,83,74,71,72,29] [] [] []
756 0.89 [27,17,97,36,42,8,25,88,69] [] [] []
757 1.0 [45,81,48,27,3] [] [604,132,667,682,328,340,453,522,166,889] [122,43,408,27,757,663,646,668,156,588,633,262,884,891,816,338,470,883,881,835,692]
758 0.99 [55,13,9,40,90,85] [] [681,498,504,316,303,845,966,949,569,624,298] []
759 1.0 [18,28,43,66,11,42,33,2,35] [] [] []
760 1.12 [29,57,60,3,36,97,56,67,26] [] [629,295,639,360,891,691,196,387,494] []
761 1.09 [57,71,45,81,43,23,7,46,47,74] [] [665,787,800,381,715,297,945] []
762 0.71 [21,87,54,55,67,25,13,39,49] [] [] [216,679,260,485,570,141,578,228,505,808,305,81,964,40,736,805,327,626,17,490,814,904,975,762,414,106,311,501]
763 0.8 [42,91,76,57,46,5,2,20] [] [256,454,528,853,160] []
764 0.96 [2,3,19,97,82] [] [] []
765 0.84 [5,9,34,99,24] [] [] []
766 0.93 [34,56,52,30,35,62,81,54] [] [109,483,338,539,91,498,380,824,589] []
767 1.0 [95,23,26,72,49,12,29,90] [] [] []
768 0.86 [12,30,53,5,6,73] [436,147] [652,739,246,174,429,541,800,576,421] []
769 0.92 [6,21,5,57,22,40,72,62,87,27] [] [599,364,918,444,157,680] []
770 1.02 [90,98,89,22,0,85,47,82,65] [] [841,894,810,482] []
771 0.94 [63,67,71,51,72,39,92] [] [] []
772 1.09 [33,86,64,1,34,41,93,51] [] [588,375,97,627,421,352,744,70] []
773 1.0 [15,24,33,23,36,49,94,11,54,29] [100] [] []
774 2.0 [47,14,13,72,24,71,41,34] [] [] []
775 0.93 [74,59,99,10,8,94,93,12,33] [] [] []
776 1.11 [37,28,16,74,10,76,3] [] [817,936,56,869,230,150,297,604] []
777 0.88 [56,64,44,45,43,80,37,90,59,23] [] [] []
778 0.9 [96,88,72,61,20,66,0,77] [] [] []
779 0.85 [24,65,98,68,36,41] [] [] []
780 0.71 [65,5,97,84,2,13] [] [] []
781 0.76 [66,99,10,5,48,45] [] [] [806,977,195,26,128,258,394,378,208,923,456,3,516,419,655,265,118,900,546,389,990,901,267,474,675,781]
782 0.98 [92,45,89,86,52,61,25,3,99,4] [128] [] []
783 0.97 [32,26,17,83,47] [] [] []
784 1.0 [26,46,52,37,87,70,48,64,58,11] [585,469] [] [664,784,289,587,987,953,717,596,552,414,656,745]
785 0.87 [1,53,39,96,85,92] [] [] []
786 1.0 [49,54,95,32,53,13] [] [654,748,584,216,490,58,630,650] []
787 0.97 [54,46,20,78,86,15] [] [665,800,761,381,715,297,945] []
788 0.86 [38,47,21,65,75,78,29,9,84,59] [] [] []
789 0.87 [40,78,95,13,61] [] [] []
790 0.93 [12,57,46,62,30,74,99,70,33,5] [] [] []
791 1.0 [19,49,70,68,79,60,77,67,56] [] [] []
792 1.11 [25,32,22,73,59,8,41,6,30,62] [] [] [923,434,160,880,33,792,296,667,303,515,345,494,731,754,959,93,898,809,581,820,930,631,917,50,752,848]
793 0.87 [74,3,70,89,42,94,92,79] [] [881,634,478,849,58,698,52,799,11,320,827] []
794 0.96 [33,48,87,34,16,83,25] [] [] []
795 1.34 [20,87,4,35,69,67,82,66] [] [] [531,87,114,466,860,900,335,931,991,580,692,507,725,677,795,325,162,388,398,6,916,815,377,820,848,185,318,268,188,3,153,533,686,545,263,720,310]
796 0.96 [65,76,2,57,33,66,17,35,11,99] [] [235,949,174,359,829,39,694,356,706,582] []
797 0.91 [49,29,65,51,37,10,67] [] [] []
798 0.89 [14,74,43,46,28,25,47] [677,327] [670,377,289,453,408,495] []
799 0.87 [19,17,74,34,92,44,36,32,90,93] [] [881,793,634,478,849,58,698,52,11,320,827] []
800 0.92 [36,29,13,24,68,45,43,92] [559] [652,739,246,174,429,541,576,421,768] []
801 1.27 [67,31,42,20,2,56] [865] [897,335,852,564,65,158,176,446,196,458,805] []
802 0.8 [40,67,73,86,27,21,35,54,33] [] [732,172,168,307,265,22,108] []
803 0.89 [70,47,31,48,73,86,9] [] [753,516,950,372,223,655,303,840] []
804 0.88 [69,8,38,52,28] [] [] [139,165,310,467,925,519,751,804,711,108,276,909,727,891,556,347,824,183,302,520]
805 0.9 [41,39,44,46,28,86,47,80] [] [897,335,852,564,65,158,176,801,446,196,458] [216,679,260,485,570,141,578,228,505,808,305,81,964,40,736,805,327,626,17,490,814,904,975,762,414,106,311,501]
806 1.0 [58,8,34,3,27,47,6,62] [] [] [806,977,195,26,128,258,394,378,208,923,456,3,516,419,655,265,118,900,546,389,990,901,267,474,675,781]
807 0.95 [78,35,24,93,67,38,90,52] [] [815,671,421,994,546,871,257,833,939,902,454] []
808 0.85 [6,61,16,88,63,31] [] [416,610,596,40] [216,679,260,485,570,141,578,228,505,808,305,81,964,40,736,805,327,626,17,490,814,904,975,762,414,106,311,501]
809 1.0 [80,29,56,63,40,50,65] [] [] [923,434,160,880,33,792,296,667,303,515,345,494,731,754,959,93,898,809,581,820,930,631,917,50,752,848]
810 1.0 [93,99,95,89,62] [] [841,770,894,482] []
811 0.79 [56,10,58,98,92,68,62] [] [104,87,161,136,333,429] []
812 0.91 [44,89,52,81,65,73,58,86] [] [] []
813 0.91 [89,43,46,14,24,87,29,93,30] [40] [] []
814 0.72 [86,1,84,41,55,79,33,36,27] [] [] [216,679,260,485,570,141,578,228,505,808,305,81,964,40,736,805,327,626,17,490,814,904,975,762,414,106,311,501]
815 0.99 [90,75,59,36,34,83] [] [671,421,994,546,871,257,833,939,807,902,454] [531,87,114,466,860,900,335,931,991,580,692,507,725,677,795,325,162,388,398,6,916,815,377,820,848,185,318,268,188,3,153,533,686,545,263,720,310]
816 0.91 [7,55,84,9,46,4] [] [] [122,43,408,27,757,663,646,668,156,588,633,262,884,891,816,338,470,883,881,835,692]
817 1.04 [77,37,89,11,13,70,46,35] [] [918,787,819,321] []
818 0.86 [41,36,70,49,78,72,99,50,58,86] [] [] []
819 0.91 [51,96,42,14,1,53,22,80,48] [] [107,123,44,743,528,264,73,35,984,989] []
820 0.93 [23,41,30,60,0,80] [] [] [531,87,114,466,860,900,335,931,991,580,692,507,725,677,795,325,162,388,398,6,916,815,377,820,848,185,318,268,188,3,153,533,686,545,263,720,310]
821 0.9 [79,65,71,4,99,97,33,76,12] [] [] []
822 1.0 [38,82,31,46,73,12,30,63,39,75] [] [] []
823 1.35 [30,81,35,88,73,29,13,18,83] [] [] []
824 1.15 [64,29,46,98,58,61,33,30,86] [] [766,109,483,338,539,91,498,380,589] [139,165,310,467,925,519,751,804,711,108,276,909,727,891,556,347,824,183,302,520]
825 0.71 [61,16,60,99,32,31,43,40,29] [] [] []
826 0.87 [83,60,0,2,96,34,22,25,67] [] [] []
827 0.75 [79,4,11,86,62,51,15,84] [] [881,793,634,478,849,58,698,52,799,11,320] []
828 1.16 [60,54,93,38,74,77,8,99,45,62] [] [] []
829 0.89 [33,49,82,78,88,1,61,91,40] [] [235,949,174,359,39,694,356,706,796,582] []
830 1.06 [79,22,93,83,95,48,89] [] [514,468,619,578,67,81,870,443,440,743] []
831 0.96 [31,87,66,23,25,22] [] [] []
832 0.9 [76,86,47,29,39,14,66,71,43,9] [] [] []
833 0.76 [97,37,15,45,40] [] [815,671,421,994,546,871,257,939,807,902,454] []
834 0.8 [3,79,68,69,88,34,37,31] [411] [326,280,316,613,2] []
835 0.98 [34,11,85,77,3,59,41,44] [] [] [122,43,408,27,757,663,646,668,156,588,633,262,884,891,816,338,470,883,881,835,692]
836 0.94 [52,31,55,17,33,72] [] [] []
837 1.0 [60,29,99,50,43,26,55,66] [559,890] [] []
838 0.87 [67,60,21,8,74] [] [] []
839 1.0 [43,72,35,49,2,20,34] [] [] []
840 0.94 [53,46,35,26,68] [] [753,516,803,950,372,223,655,303] []
841 0.77 [77,76,86,66,74,12,3,91,39,18] [] [770,894,810,482] []
842 0.96 [64,10,33,81,96,69,61] [] [] []
843 0.88 [26,14,92,16,37,94,83,24] [] [] []
844 0.99 [16,72,68,57,96,87,12,5] [] [] []
845 0.97 [34,38,65,87,49,88] [] [681,498,504,316,303,966,949,569,758,624,298] []
846 0.96 [83,33,80,98,96,66,58,59,68] [] [] []
847 0.8 [85,55,30,28,16,74,97] [] [] []
848 0.94 [74,16,89,15,88,98] [] [] [531,87,114,466,860,900,335,931,991,580,692,507,725,677,795,325,162,388,398,6,916,815,377,820,848,185,318,268,188,3,153,533,686,545,263,720,310]
849 0.85 [55,59,3,57,94,88,67,12,40,1] [] [881,793,634,478,58,698,52,799,11,320,827] []
850 1.01 [63,6,72,20,68] [] [] []
851 0.93 [51,73,66,54,53,70] [] [] []
852 1.03 [67,4,10,97,69,57,78] [] [897,335,564,65,158,176,801,446,196,458,805] []
853 1.02 [77,30,73,41,20] [] [256,454,528,160,763] []
854 0.91 [67,96,34,56,18,28,14,89,31] [959,343] [] []
855 0.94 [94,26,53,0,59] [] [] []
856 0.97 [86,43,17,85,39,46,11,87,95,40] [] [] []
857 1.0 [48,2,59,65,46,51,38] [] [] []
858 0.9 [23,15,61,9,49,2,35] [] [707,861,68,757,712,93,315,987] []
859 0.93 [32,11,53,44,15,28,67] [] [] []
860 1.0 [74,58,18,94,81,57,31] [] [] [531,87,114,466,860,900,335,931,991,580,692,507,725,677,795,325,162,388,398,6,916,815,377,820,848,185,318,268,188,3,153,533,686,545,263,720,310]
861 0.91 [58,42,15,36,24] [] [707,68,757,712,858,93,315,987] []
862 0.93 [57,53,93,22,36,78,27,2] [] [] []
863 0.88 [43,2,50,67,92,68,80,5,9] [619,456] [256,550,153,87] []
864 0.89 [60,46,3,48,10,24] [] [] []
865 0.94 [70,88,38,64,37,63,9,71] [801] [] []
866 0.86 [92,44,35,34,96,50,52] [] [107,245,656,521,509,550,187] []
867 0.72 [11,66,47,77,20,55,62,61,89] [] [] []
868 1.0 [31,48,18,41,64,54,20,88,96] [] [] []
869 1.0 [61,89,99,83,79,22,38,60] [] [817,776,936,56,230,150,297,604] []
870 0.87 [25,23,70,62,47] [] [514,468,619,830,578,67,81,443,440,743] []
871 0.94 [95,68,92,45,83,77] [] [815,671,421,994,546,257,833,939,807,902,454] []
872 1.16 [38,0,15,65,76] [] [] []
873 0.84 [67,54,59,13,46,38,39,0] [741,529] [] []
874 0.96 [54,15,70,82,76] [] [] []
875 1.01 [42,24,16,23,34,80,73,35,99] [] [] []
876 0.9 [38,21,80,3,9,87] [] [606,96,924,649,330] []
877 0.66 [52,53,2,38,28,13] [] [995,379,403,595,628,918,573,402,72,383] []
878 0.92 [71,43,50,11,7,94,60] [] [] []
879 0.95 [93,37,2,61,68,42,55] [] [] []
880 0.97 [95,97,49,51,25,94,47,10] [] [] [923,434,160,880,33,792,296,667,303,515,345,494,731,754,959,93,898,809,581,820,930,631,917,50,752,848]
881 0.89 [83,63,42,90,59,64,4] [682,912] [793,634,478,849,58,698,52,799,11,320,827] [122,43,408,27,757,663,646,668,156,588,633,262,884,891,816,338,470,883,881,835,692]
882 0.9 [79,61,20,18,90,56,92,88] [] [549,286,52,734,890] []
883 0.97 [14,32,30,96,36,50,75,59] [] [391,664,786,570,516,425,194,937,833,10,912] [122,43,408,27,757,663,646,668,156,588,633,262,884,891,816,338,470,883,881,835,692]
884 0.66 [60,61,66,69,48,55] [] [] [122,43,408,27,757,663,646,668,156,588,633,262,884,891,816,338,470,883,881,835,692]
885 1.0 [80,0,20,16,46,75,38] [] [] []
886 1.06 [20,25,41,65,84,27] [] [] []
887 1.02 [2,6,88,78,81,43] [] [] []
888 0.93 [58,22,45,26,31,7,82,80] [] [] []
889 0.78 [16,28,43,68,42] [] [757,604,132,667,682,328,340,453,522,166] []
890 0.89 [41,70,40,97,51,13,96] [559,837] [549,882,286,52,734] []
891 1.0 [0,52,3,98,16,78] [] [629,295,639,360,760,691,196,387,494] [122,43,408,27,757,663,646,668,156,588,633,262,884,891,816,338,470,883,881,835,692]
892 0.91 [59,49,41,66,91,42] [] [] []
893 0.92 [28,42,87,72,95,63,18,60,94,65] [] [] []
894 1.05 [23,82,86,74,52,76,12,31] [] [841,770,810,482] []
895 0.92 [81,44,41,42,62,88,40,69] [] [] []
896 1.0 [76,92,69,15,45,80] [] [] []
897 1.23 [83,6,80,64,78,48] [] [335,852,564,65,158,176,801,446,196,458,805] []
898 1.0 [25,20,74,70,56,0,23,60,83,16] [] [] [923,434,160,880,33,792,296,667,303,515,345,494,731,754,959,93,898,809,581,820,930,631,917,50,752,848]
899 0.9 [60,78,41,22,45,38,6,53] [] [] []
900 0.9 [47,15,29,61,10,62,79,66] [] [] [806,977,195,26,128,258,394,378,208,923,456,3,516,419,655,265,118,900,546,389,990,901,267,474,675,781]
901 1.17 [13,65,49,40,9,51,22,42,50,98] [] [] [806,977,195,26,128,258,394,378,208,923,456,3,516,419,655,265,118,900,546,389,990,901,267,474,675,781]
902 0.95 [1,10,90,11,50,84,38] [] [815,671,421,994,546,871,257,833,939,807,454] []
903 0.94 [24,76,63,35,82,57,55,8] [] [] []
904 0.9 [86,81,80,47,68,7,87,63,79,40] [] [] [216,679,260,485,570,141,578,228,505,808,305,81,964,40,736,805,327,626,17,490,814,904,975,762,414,106,311,501]
905 0.92 [27,88,44,6,76,86,72] [] [134,929,614,433,208] []
906 0.88 [24,66,42,72,45,61,16,96] [] [148,50,160,555,914,13,180,81,169] []
907 1.01 [35,12,65,47,15,94,64] [659,288] [] []
908 1.06 [18,70,49,88,62,6,27,48] [] [418,462,323,711,925,382,644] []
909 0.97 [53,42,19,99,71,96,17,9,47,28] [] [] [139,165,310,467,925,519,751,804,711,108,276,909,727,891,556,347,824,183,302,520]
910 1.02 [0,25,19,70,52,55] [] [] []
911 0.75 [77,10,24,35,44,71,45] [] [] []
912 0.74 [51,91,33,60,18,1,39,96,42,77] [881,682] [391,664,883,786,570,516,425,194,937,833,10] []
913 0.91 [43,99,55,71,67] [] [] []
914 0.91 [60,16,55,36,1] [] [148,50,160,555,13,906,180,81,169] []
915 0.9 [56,37,68,80,29,39,36,73,71,51] [] [] []
916 0.76 [31,98,52,41,1,61,56] [] [] [531,87,114,466,860,900,335,931,991,580,692,507,725,677,795,325,162,388,398,6,916,815,377,820,848,185,318,268,188,3,153,533,686,545,263,720,310]
917 0.92 [44,33,16,45,19,7,10,89] [634] [] [923,434,160,880,33,792,296,667,303,515,345,494,731,754,959,93,898,809,581,820,930,631,917,50,752,848]
918 0.84 [91,92,61,27,90] [] [995,379,403,595,628,877,573,402,72,383] []
919 0.98 [68,54,16,52,82] [] [] []
920 0.96 [81,50,97,45,8] [114,25] [] []
921 1.0 [5,57,7,36,86,41,46,29,43,96] [] [924,371,301,636,337,950,622,276,2,992,377] []
922 0.94 [65,96,2,21,40,26,59,15,3] [] [] []
923 0.93 [41,13,11,71,1,61,6,44,51,96] [] [] [806,977,195,26,128,258,394,378,208,923,456,3,516,419,655,265,118,900,546,389,990,901,267,474,675,781]
924 1.0 [74,31,10,24,61,16,75,67] [] [606,876,96,649,330] []
925 0.79 [80,14,74,31,72,76,52,44,24] [] [908,418,462,323,711,382,644] [139,165,310,467,925,519,751,804,711,108,276,909,727,891,556,347,824,183,302,520]
926 1.0 [64,52,4,31,46] [] [] []
927 0.94 [10,87,5,29,7,32,65] [] [] []
928 0.95 [64,56,42,84,20,4,46,7,82] [] [] []
929 0.92 [14,92,72,87,34,28,47,4,13,25] [] [134,905,614,433,208] []
930 0.82 [11,74,15,22,75] [] [] [923,434,160,880,33,792,296,667,303,515,345,494,731,754,959,93,898,809,581,820,930,631,917,50,752,848]
931 0.67 [13,64,77,70,60] [] [] [531,87,114,466,860,900,335,931,991,580,692,507,725,677,795,325,162,388,398,6,916,815,377,820,848,185,318,268,188,3,153,533,686,545,263,720,310]
932 0.91 [50,5,44,45,7] [] [] []
933 0.85 [61,76,99,40,19,66,29] [] [] []
934 0.92 [79,80,15,20,4,72] [] [] []
935 1.02 [38,78,4,36,89,90,96,5] [] [] []
936 0.78 [14,98,46,87,64,25,67,91] [] [817,776,56,869,230,150,297,604] []
937 0.9 [28,43,37,84,80,67,96,74,56] [431,87] [391,664,883,786,570,516,425,194,833,10,912] []
938 0.91 [62,57,16,41,78] [] [] []
939 0.95 [60,79,69,97,37,15] [] [35,473,414,663,301,255,208,724] []
940 0.63 [25,71,51,81,24,72,11,15,93] [] [] []
941 0.92 [91,18,48,25,97,36] [] [] []
942 0.97 [38,46,67,80,62,85,60] [443,171] [] []
943 0.81 [41,87,89,11,55,96,88,76] [] [] []
944 0.88 [69,62,36,34,80,9,25,8] [] [] []
945 1.01 [31,83,25,92,73,46,57] [] [665,787,800,761,381,715,297] []
946 1.0 [73,61,7,29,35,85] [] [] []
947 1.06 [52,58,38,98,90,17,48,81,89] [] [] []
948 0.96 [97,91,1,39,52,61] [] [] []
949 0.97 [72,29,95,40,89,30,70,11] [456] [235,174,359,829,39,694,356,706,796,582] []
950 0.93 [24,45,53,67,42,3,7,43,94] [] [924,371,301,636,337,622,921,276,2,992,377] []
951 0.97 [70,63,11,86,42] [] [] []
952 0.86 [40,97,96,71,74,56,46,18,9] [] [] []
953 0.87 [67,63,74,68,8,35,16,58,44] [] [796,394,67,172,595,889,248] [664,784,289,587,987,953,717,596,552,414,656,745]
954 0.94 [48,87,15,65,92,74] [] [] []
955 1.06 [16,91,3,7,92,79,20] [] [] []
956 0.97 [79,25,85,82,98,86,99] [] [] []
957 1.12 [39,60,74,43,19,91] [] [] []
958 0.84 [35,79,36,92,16,7,1,11,30] [] [] []
959 1.04 [42,84,85,65,37] [854,343] [] [923,434,160,880,33,792,296,667,303,515,345,494,731,754,959,93,898,809,581,820,930,631,917,50,752,848]
960 0.83 [14,25,59,85,75,46,26] [198] [] []
961 0.94 [35,74,25,22,71,81,53,98,97] [] [] []
962 1.06 [0,11,39,70,77,12,13,87] [] [] []
963 0.91 [14,66,40,31,96] [] [] []
964 0.93 [54,58,6,55,97] [] [] [216,679,260,485,570,141,578,228,505,808,305,81,964,40,736,805,327,626,17,490,814,904,975,762,414,106,311,501]
965 0.85 [34,74,7,41,36,79,23,86,21,32] [] [] []
966 0.93 [32,72,50,90,14,24,82,97,74] [] [681,498,504,316,303,845,949,569,758,624,298] []
967 0.9 [31,4,78,70,57,82,77,80,58] [] [] []
968 1.0 [10,50,55,96,45,84] [] [] []
969 0.89 [84,94,45,72,33,10,14,51] [] [] []
970 0.9 [74,24,48,62,53,15,93,65,92] [] [] []
971 0.92 [9,20,19,85,18,71,22] [] [] []
972 0.93 [38,22,53,82,84] [] [] []
973 0.96 [26,86,27,99,55,2,61,92,49] [] [343,976,7,347,675,485,80] []
974 1.0 [73,54,94,57,80] [31] [] []
975 1.04 [41,31,1,36,54] [] [] [216,679,260,485,570,141,578,228,505,808,305,81,964,40,736,805,327,626,17,490,814,904,975,762,414,106,311,501]
976 0.91 [51,91,45,60,85,44] [413] [343,7,973,347,675,485,80] []
977 0.91 [16,28,65,58,3,21,75,4] [] [] [806,977,195,26,128,258,394,378,208,923,456,3,516,419,655,265,118,900,546,389,990,901,267,474,675,781]
978 0.85 [37,19,17,16,41,43,64,5,62] [] [] []
979 0.76 [9,13,25,89,48,29,79,5,3] [] [] []
980 0.93 [85,64,14,63,49,35,74] [] [] []
981 0.8 [86,89,79,33,10,40,72,46] [] [] []
982 1.0 [20,94,59,87,72] [] [] []
983 0.92 [59,16,28,81,9,30,99,49,33,17] [] [] []
984 0.97 [27,76,24,86,94,82] [] [107,123,819,44,743,528,264,73,35,989] []
985 0.84 [39,49,77,26,17,46] [562] [] []
986 0.97 [46,17,75,63,65,15,68,66] [] [] []
987 0.85 [53,0,35,83,16,28] [241,478] [707,861,68,757,712,858,93,315] [664,784,289,587,987,953,717,596,552,414,656,745]
988 0.93 [31,85,47,54,98,77,36,94,95] [] [] []
989 0.9 [83,45,78,52,49,87,92,36,63,15] [] [107,123,819,44,743,528,264,73,35,984] []
990 0.82 [87,90,85,63,43] [] [] [806,977,195,26,128,258,394,378,208,923,456,3,516,419,655,265,118,900,546,389,990,901,267,474,675,781]
991 0.96 [55,45,89,11,44,97,27] [] [] [531,87,114,466,860,900,335,931,991,580,692,507,725,677,795,325,162,388,398,6,916,815,377,820,848,185,318,268,188,3,153,533,686,545,263,720,310]
992 0.91 [41,37,18,77,27] [] [924,371,301,636,337,950,622,921,276,2,377] []
993 1.0 [98,23,19,29,97,62,96,78,15,18] [805,705] [] []
994 0.95 [50,84,87,41,65,32] [] [815,671,421,546,871,257,833,939,807,902,454] []
995 0.7 [15,52,39,30,10,19,17,29,71,35] [] [379,403,595,628,877,918,573,402,72,383] []
996 0.63 [45,8,25,37,29] [] [] []
997 0.87 [51,34,3,74,32,46,53,85] [] [] []
998 1.38 [14,57,39,98,67] [976] [] []
999 0.97 [30,84,5,10,43] [] [] []
