100
0 1 1.5
1 1 1.5
2 1 1.5
3 1 1.5
4 1 1.5
5 1 1.5
6 1 1.5
7 1 1.5
8 1 1.5
9 1 1.5
10 1 1.5
11 1 1.5
12 1 1.5
13 1 1.5
14 1 1.5
15 1 1.5
16 1 1.5
17 1 1.5
18 1 1.5
19 1 1.5
20 1 1.5
21 1 1.5
22 1 1.5
23 1 1.5
24 1 1.5
25 1 1.5
26 1 1.5
27 1 1.5
28 1 1.5
29 1 1.5
30 1 1.5
31 1 1.5
32 1 1.5
33 1 1.5
34 1 1.5
35 1 1.5
36 1 1.5
37 1 1.5
38 1 1.5
39 1 1.5
40 1 1.5
41 1 1.5
42 1 1.5
43 1 1.5
44 1 1.5
45 1 1.5
46 1 1.5
47 1 1.5
48 1 1.5
49 1 1.5
50 1 1.5
51 1 1.5
52 1 1.5
53 1 1.5
54 1 1.5
55 1 1.5
56 1 1.5
57 1 1.5
58 1 1.5
59 1 1.5
60 1 1.5
61 1 1.5
62 1 1.5
63 1 1.5
64 1 1.5
65 1 1.5
66 1 1.5
67 1 1.5
68 1 1.5
69 1 1.5
70 1 1.5
71 1 1.5
72 1 1.5
73 1 1.5
74 1 1.5
75 1 1.5
76 1 1.5
77 1 1.5
78 1 1.5
79 1 1.5
80 1 1.5
81 1 1.5
82 1 1.5
83 1 1.5
84 1 1.5
85 1 1.5
86 1 1.5
87 1 1.5
88 1 1.5
89 1 1.5
90 1 1.5
91 1 1.5
92 1 1.5
93 1 1.5
94 1 1.5
95 1 1.5
96 1 1.5
97 1 1.5
98 1 1.5
99 1 1.5
1000
0 1.5 [98,83,70,44,89,4,88,19,86] [481,374,181,604,472,763,605] [] []
1 0.89 [84,3,93,73,89,98,23] [358,445,94,725,655,361,228] [] []
2 0.94 [86,54,75,36,76,32,80,73] [753,345,358,305,172] [] [635,146,95,504,769,754,239,920,32,451,778,144,441,128,417,64,2,243,237,793,88,841,667,453,221,987,821,852,385,593,283,738,430,19,167,282,919,702,279,998]
3 1.0 [88,79,33,96,13,97,8,69] [] [] []
4 1.37 [5,3,24,53,28,89,72,65,34,92] [] [] [453,395,477,300,974,149,814,766,689,658,714,361,83,955,4,137,970,350,889,825,600,323,612,43,950,181,619,172,326,359,690,184,815,788,640,959,29,240]
5 1.18 [15,72,22,16,2,33,94] [336,928,661,844,87,475,708] [] []
6 1.0 [45,44,66,19,51,35] [812,78,511,509,383,704] [574,897,842,398,413,197,157] []
7 0.84 [50,31,3,0,15,52,85] [] [666,789,940,682,991] []
8 0.89 [64,73,31,88,72,82,10,62,59,7] [314,453,771,805,932,955,224] [] []
9 0.96 [49,25,70,95,9,22] [] [] []
10 0.92 [4,29,61,35,27,42,76,14,74] [75,198,712,858,59,900,19] [] []
11 1.03 [16,27,72,60,48,19,0,11] [] [] [11,532,398,974,476,596,270,537,403,97,176,782,460,271,170,370,578,551,423,971,137,378,388,86,479,411,699,503,432,228,337,935]
12 0.97 [51,61,84,73,86,0,46,3,32,2] [357,35,786,492,653,537,412,854,409] [327,893,533,804,173,639] [563,343,529,910,956,620,219,38,632,613,786,678,2,201,874,100,818,640,470,685,265,229,898,838,778,12,110,881,449,746,810,666,486,686,254,601]
13 0.71 [0,21,38,87,61,80,66,12,37] [601,396,73,959,592] [] [646,236,197,913,353,843,632,836,883,483,968,616,44,701,148,102,640,638,13,636,138,690,715,68,696,232]
14 1.07 [93,85,53,50,57,33,21,37,61] [] [518,302,646,173,271,997,618,956,220,287] []
15 0.89 [77,32,28,97,95,11] [] [] []
16 0.91 [47,7,46,25,26,20,62,66] [224,299,551,185,707,448,734] [] []
17 1.2 [40,79,72,56,48,52,4,37] [] [] []
18 1.1 [0,72,4,86,38,79,49,55] [75,500,122,179,29] [627,306,653,327,476,875,340] []
19 1.33 [5,93,24,75,82,95,19,6,89] [75,198,712,858,59,10,900] [500,269,418,431,487,241,702,621,987,35,654] [635,146,95,504,769,754,239,920,32,451,778,144,441,128,417,64,2,243,237,793,88,841,667,453,221,987,821,852,385,593,283,738,430,19,167,282,919,702,279,998]
20 0.86 [64,55,90,16,0,45,98,29,91,74] [845,921,657,424,953,530,635,75,251] [503,534,207,655,109] []
21 0.9 [13,0,89,63,45] [248,54,877,974,659,594,796,618,524] [] []
22 0.85 [20,92,62,97,40,8] [] [456,94,373,800,697,493] []
23 0.93 [47,59,64,55,84,2,93,60,51,4] [517,530,939,584,592,975] [] []
24 0.91 [30,57,92,50,99] [] [481,799,62,42,306,342,891,363] [770,535,980,735,913,329,646,884,199,119,677,992,304,636,263,42,496,711,288,740,67,872,959,614,406,356,684,293,253,995,279,514,638,665,24,909,324,576,852,929]
25 0.84 [93,46,74,57,18] [] [] []
26 0.73 [86,61,38,96,44] [185,879,220,877,837,350,807] [] []
27 0.92 [35,92,79,6,63,65,53] [496,788,348,993,980] [] []
28 1.11 [28,55,71,12,30,41,36,92,58] [] [812,457,651,582] []
29 1.0 [43,57,56,12,53,76,46] [75,18,500,122,179] [] [453,395,477,300,974,149,814,766,689,658,714,361,83,955,4,137,970,350,889,825,600,323,612,43,950,181,619,172,326,359,690,184,815,788,640,959,29,240]
30 0.8 [46,85,71,24,79,63,35,97] [839,287,567,948,846,561,357,86,667] [] []
31 0.84 [44,40,59,35,28,4,99,8,54,62] [] [] []
32 1.01 [7,20,90,18,8,45] [] [108,119,316,741,806,106,998,832] [635,146,95,504,769,754,239,920,32,451,778,144,441,128,417,64,2,243,237,793,88,841,667,453,221,987,821,852,385,593,283,738,430,19,167,282,919,702,279,998]
33 1.04 [23,98,39,20,54,72,70,56] [] [] []
34 1.0 [62,70,71,39,89,78,86,21] [] [] []
35 1.0 [20,78,2,65,36,34,52] [993,611,515,570,733,120,305,384,689] [500,269,418,431,487,241,702,621,987,19,654] []
36 0.9 [15,86,69,90,14] [] [] []
37 0.62 [19,11,55,71,49,32,93,15,20] [625,963,543,182,84] [] []
38 1.02 [90,59,76,39,37,41,56,48,25] [] [] [563,343,529,910,956,620,219,38,632,613,786,678,2,201,874,100,818,640,470,685,265,229,898,838,778,12,110,881,449,746,810,666,486,686,254,601]
39 0.91 [40,23,6,4,25,69,87,64,74,30] [] [] []
40 0.88 [51,47,42,79,87,4,90,56,86] [] [] [658,448,633,477,556,974,308,459,326,91,626,377,40,859,546,620,829,780,194,382,872,509,668,340,466,817,745,52]
41 0.93 [99,1,73,60,41,66,84,7,49] [] [429,648,848,298,537,961,904,50,287,394] []
42 0.99 [67,95,58,82,91] [247,68,847,123,844,221,725,135,896] [481,799,62,306,342,891,363,24] [770,535,980,735,913,329,646,884,199,119,677,992,304,636,263,42,496,711,288,740,67,872,959,614,406,356,684,293,253,995,279,514,638,665,24,909,324,576,852,929]
43 0.91 [46,81,17,64,30,45,43,38] [504,991,788,755,778,562,169,531,984] [] [453,395,477,300,974,149,814,766,689,658,714,361,83,955,4,137,970,350,889,825,600,323,612,43,950,181,619,172,326,359,690,184,815,788,640,959,29,240]
44 0.92 [86,17,69,37,5] [734,466,109,655,222,405,497,930,920] [] [646,236,197,913,353,843,632,836,883,483,968,616,44,701,148,102,640,638,13,636,138,690,715,68,696,232]
45 0.79 [76,40,67,62,88,83,93] [] [] []
46 0.99 [61,78,59,92,23,63,98] [] [] []
47 0.85 [55,31,77,14,81] [] [731,866,417,57,376,332,349,982] []
48 0.8 [63,0,93,32,73] [532,378,412,906] [] []
49 1.01 [11,37,54,50,97,72,14,49,32,65] [] [] [221,632,49,571,370,665,254,78,435,876,892,375,505,544,51]
50 0.81 [69,84,25,3,48,40,9] [717,760,912,831,131,417,636,400,882] [429,648,848,298,537,961,904,287,394,41] []
51 1.0 [72,47,29,51,37,13,63,87,45,95] [] [] [221,632,49,571,370,665,254,78,435,876,892,375,505,544,51]
52 0.95 [66,64,37,85,47,99,65,10,88,59] [] [] [658,448,633,477,556,974,308,459,326,91,626,377,40,859,546,620,829,780,194,382,872,509,668,340,466,817,745,52]
53 1.01 [73,23,64,18,67,43,3] [] [] []
54 0.9 [35,9,81,21,85,84,37] [248,877,974,659,594,796,21,618,524] [] []
55 0.66 [22,3,81,65,72,28] [] [] []
56 1.0 [19,26,56,28,83] [] [] []
57 0.89 [54,79,16,25,23,82] [] [731,47,866,417,376,332,349,982] []
58 0.92 [53,43,86,0,1,51] [816,738,813,408,565,397,270,895] [] []
59 0.88 [46,11,39,12,35,92,40,0,52] [75,198,712,858,10,900,19] [] []
60 0.99 [16,19,57,93,31,46,70,62,90,12] [] [] []
61 1.0 [87,61,6,71,23,40] [145,695,329,348,527,256,702] [] []
62 0.81 [16,71,80,87,6,61,26,37] [609,896,924,345,731] [481,799,42,306,342,891,363,24] []
63 1.02 [11,80,91,69,81] [] [] []
64 0.9 [72,83,68,48,70,43,80,8,5,44] [959,537,590,364,84,649,999,401] [] [635,146,95,504,769,754,239,920,32,451,778,144,441,128,417,64,2,243,237,793,88,841,667,453,221,987,821,852,385,593,283,738,430,19,167,282,919,702,279,998]
65 0.81 [46,12,30,22,91,79] [610,335,624,118] [] []
66 0.94 [50,89,34,26,36,11,31,70,85,12] [] [] []
67 0.95 [56,92,68,86,55,61] [] [] [770,535,980,735,913,329,646,884,199,119,677,992,304,636,263,42,496,711,288,740,67,872,959,614,406,356,684,293,253,995,279,514,638,665,24,909,324,576,852,929]
68 0.9 [81,76,39,82,9,30,53,11] [247,847,123,844,42,221,725,135,896] [] [646,236,197,913,353,843,632,836,883,483,968,616,44,701,148,102,640,638,13,636,138,690,715,68,696,232]
69 0.91 [7,85,16,93,26,8] [] [] []
70 0.95 [43,3,21,67,4,7,77,61] [] [] []
71 1.0 [13,37,69,57,41,11] [632,579,829,173,884,593,879] [] []
72 1.22 [1,82,52,27,79,97] [101,276,95,544] [] []
73 0.94 [1,26,7,54,58,44,77] [601,13,396,959,592] [] []
74 0.9 [85,62,36,1,44,79] [542,313,399,156,559,712,81,900] [] []
75 0.96 [4,87,73,94,56] [845,921,657,424,953,530,635,20,251] [] []
76 1.11 [37,32,28,87,1,99,21,24,50,64] [744,745,658,176,62,977,459] [] []
77 0.93 [35,84,21,44,46,88,23,19,22,7] [] [] []
78 0.93 [1,72,19,77,63] [489,936,334,565,230,380,721] [] [221,632,49,571,370,665,254,78,435,876,892,375,505,544,51]
79 0.95 [2,87,36,42,4] [622,634,990,748,573,901,533] [] []
80 1.1 [59,11,22,70,92,74,57] [285,232,434,856,712,199,790] [] []
81 1.0 [9,26,53,22,31,18,42,0,74] [542,313,399,156,559,712,74,900] [] []
82 0.92 [47,44,27,74,71,22,73,58,42,31] [] [] []
83 0.89 [37,2,51,12,93,3,55,28,89,42] [575,796,996,690,76,868,544] [] [453,395,477,300,974,149,814,766,689,658,714,361,83,955,4,137,970,350,889,825,600,323,612,43,950,181,619,172,326,359,690,184,815,788,640,959,29,240]
84 0.9 [7,8,97,53,61] [959,537,590,64,364,649,999,401] [] []
85 0.87 [59,91,27,58,51,75,37] [] [] []
86 1.0 [99,80,45,57,64] [839,287,567,948,846,561,357,667,30] [] [11,532,398,974,476,596,270,537,403,97,176,782,460,271,170,370,578,551,423,971,137,378,388,86,479,411,699,503,432,228,337,935]
87 1.28 [1,50,70,57,22,47,82,60] [336,928,661,844,475,5,708] [] []
88 2.0 [68,18,33,49,81,97,23,40] [357,712,995,144,161,688,941,162] [] [635,146,95,504,769,754,239,920,32,451,778,144,441,128,417,64,2,243,237,793,88,841,667,453,221,987,821,852,385,593,283,738,430,19,167,282,919,702,279,998]
89 0.92 [49,14,1,24,83,6,12,33] [322,467,767,147,182] [452,445,577,894,140] []
90 1.0 [69,76,16,50,29,63,95,25,39] [] [] []
91 0.8 [37,98,4,85,63,10,25] [] [] [658,448,633,477,556,974,308,459,326,91,626,377,40,859,546,620,829,780,194,382,872,509,668,340,466,817,745,52]
92 0.89 [31,53,68,67,44,25,55,96,81,28] [380,715,996,477,372] [] []
93 0.92 [30,21,38,33,31,77,37,36,76] [] [] []
94 0.93 [75,93,73,58,43,97,54,24,16] [358,445,725,655,1,361,228] [885,644,916,451,601,418,940,852,383,321,304] []
95 1.0 [20,59,66,80,68,65,43,64,74] [101,276,72,544] [441,390,35,329] [635,146,95,504,769,754,239,920,32,451,778,144,441,128,417,64,2,243,237,793,88,841,667,453,221,987,821,852,385,593,283,738,430,19,167,282,919,702,279,998]
96 0.94 [90,9,84,14,8,36,62,7] [] [] []
97 1.0 [61,86,21,96,6,89,43,84] [821,263,555,933] [949,222,692,948,534,321,252] [11,532,398,974,476,596,270,537,403,97,176,782,460,271,170,370,578,551,423,971,137,378,388,86,479,411,699,503,432,228,337,935]
98 0.53 [89,12,63,70,42,94,16] [] [831,699,259,610,466,764,193,167] []
99 0.9 [84,8,9,63,74,57,65,32,37,92] [] [] []
100 0.93 [65,37,34,76,38] [] [] [563,343,529,910,956,620,219,38,632,613,786,678,2,201,874,100,818,640,470,685,265,229,898,838,778,12,110,881,449,746,810,666,486,686,254,601]
101 1.0 [81,58,87,15,88,51,27] [634,551,409,612] [] []
102 0.93 [39,48,90,56,32] [546,354,135,833,696,165,777,219,278] [] [646,236,197,913,353,843,632,836,883,483,968,616,44,701,148,102,640,638,13,636,138,690,715,68,696,232]
103 0.87 [61,72,98,9,55,89,75,73] [] [] []
104 0.91 [19,28,25,33,95,71,56] [492,913,288,691] [] []
105 0.89 [43,11,74,81,56,33,45] [431,558,87,995,360,587] [] []
106 0.9 [54,83,20,57,0,56,75,92,27,6] [] [108,119,316,741,806,998,32,832] []
107 1.25 [97,66,37,82,2,16,18,77,29] [615,175,541,409,392,689,819] [] []
108 1.0 [89,7,52,10,75] [] [119,316,741,806,106,998,32,832] []
109 0.81 [22,5,67,38,28,33,42,46,87] [734,466,655,222,44,405,497,930,920] [20,503,534,207,655] []
110 0.8 [1,23,38,25,32,3,14,80,10,54] [] [] [563,343,529,910,956,620,219,38,632,613,786,678,2,201,874,100,818,640,470,685,265,229,898,838,778,12,110,881,449,746,810,666,486,686,254,601]
111 0.97 [49,83,96,30,94,87,60,53,92,32] [] [] []
112 0.89 [4,66,67,54,7,88,84,11,36] [819,262,738,562,889] [] []
113 0.9 [59,76,3,63,67,42,46,34,71,55] [] [469,841,968,738,989,465,653,854,442,421,219] [379,452,810,479,809,692,461,437,972,556,113,438,977,343,595]
114 0.94 [28,64,25,54,79,63,9,4,2,62] [978,465,933,784,220] [] []
115 0.9 [16,59,69,62,79,83,71,22,25] [613,346,521,273] [] []
116 0.91 [39,16,6,27,21,28] [658,948,191,493,174] [] []
117 0.81 [17,38,8,69,93,27,89,22,77] [] [] []
118 0.94 [16,53,46,22,80,64,41,37,66,6] [610,65,335,624] [] []
119 0.96 [89,77,93,92,45,68,4] [] [108,316,741,806,106,998,32,832] [770,535,980,735,913,329,646,884,199,119,677,992,304,636,263,42,496,711,288,740,67,872,959,614,406,356,684,293,253,995,279,514,638,665,24,909,324,576,852,929]
120 0.94 [66,89,6,38,29,74,41,95,43] [993,611,515,570,733,305,35,384,689] [] []
121 1.01 [14,70,35,90,62] [] [] []
122 0.93 [97,34,72,82,83,66,67] [75,18,500,179,29] [] []
123 1.0 [59,29,65,47,70,12] [666,821,436,168] [] []
124 0.93 [48,68,73,40,58,51,63,50] [] [] []
125 1.0 [83,88,52,14,48,98,95,19] [] [] []
126 1.16 [10,37,42,68,46,33,7] [695,519,246,236,850] [] []
127 0.93 [31,67,35,26,47,70,3,43] [] [] []
128 0.97 [55,38,72,37,48,65,24,57,64] [] [] [635,146,95,504,769,754,239,920,32,451,778,144,441,128,417,64,2,243,237,793,88,841,667,453,221,987,821,852,385,593,283,738,430,19,167,282,919,702,279,998]
129 1.14 [94,16,42,9,77,7] [554,335,794,321,621,919,596,572,601] [] []
130 0.98 [70,87,96,76,2] [] [] []
131 1.01 [26,49,66,38,20,55,36] [261,389,704,869,342] [] []
132 0.92 [69,31,81,50,23,95] [] [] []
133 0.85 [32,44,82,98,73,53,75,97,10] [] [] []
134 0.94 [16,31,9,22,18,3,83,75,30] [] [] []
135 0.92 [85,82,29,97,16,20,92,78] [546,354,833,696,102,165,777,219,278] [] []
136 0.85 [2,10,23,24,77,14,38,70] [729,781,663,612,416,981] [] []
137 2.0 [83,13,20,49,99,8,80] [] [] [11,532,398,974,476,596,270,537,403,97,176,782,460,271,170,370,578,551,423,971,137,378,388,86,479,411,699,503,432,228,337,935]
138 0.88 [92,47,12,30,60] [645,610,79,664,104,333] [] [646,236,197,913,353,843,632,836,883,483,968,616,44,701,148,102,640,638,13,636,138,690,715,68,696,232]
139 0.88 [95,84,5,40,14,48] [] [] []
140 0.64 [42,66,96,13,52,41,61,57,10] [708,383,430,974,169] [89,452,445,577,894] []
141 1.0 [65,14,90,29,2,94,91,26] [] [] []
142 1.02 [37,40,29,67,6,43] [] [] []
143 1.0 [81,25,93,60,34,27,16,11] [423,895,418,501,65,356,653,164] [] []
144 0.93 [91,8,45,53,20,19,15,51,10] [357,88,712,995,161,688,941,162] [] [635,146,95,504,769,754,239,920,32,451,778,144,441,128,417,64,2,243,237,793,88,841,667,453,221,987,821,852,385,593,283,738,430,19,167,282,919,702,279,998]
145 1.02 [90,0,75,49,7,43,35,91,4] [695,329,348,527,256,61,702] [] []
146 0.8 [62,75,22,47,40,82] [] [] [635,146,95,504,769,754,239,920,32,451,778,144,441,128,417,64,2,243,237,793,88,841,667,453,221,987,821,852,385,593,283,738,430,19,167,282,919,702,279,998]
147 0.86 [17,21,27,16,43,66,61,88,68] [692,517,627,244,803,483,238,647,300] [] []
148 0.92 [52,53,99,32,1,66,38,24,48] [850,749,607,174,479,579,620,862,485] [] [646,236,197,913,353,843,632,836,883,483,968,616,44,701,148,102,640,638,13,636,138,690,715,68,696,232]
149 1.0 [20,13,97,53,67,2,90,4,45,24] [] [] [453,395,477,300,974,149,814,766,689,658,714,361,83,955,4,137,970,350,889,825,600,323,612,43,950,181,619,172,326,359,690,184,815,788,640,959,29,240]
150 0.98 [59,10,63,55,12,73,61,0,97] [154,863,950,402,623,764,363,389,392] [] []
151 1.1 [53,46,11,71,92,85,94] [522,815,872,896,322,616,76] [] []
152 1.11 [47,88,99,32,35,2,84,68,39,3] [] [] []
153 1.03 [40,46,64,44,76,92] [] [] []
154 0.95 [21,30,7,56,40,85,62,32,94] [863,950,402,623,764,150,363,389,392] [] [777,580,636,537,64,705,312,997,586,760,234,743,719,182,154,872,251,323,557,458,286,329]
155 0.93 [22,2,13,62,57,31,32,19,83,93] [] [] []
156 0.89 [89,32,54,24,86,55] [542,313,399,559,712,74,81,900] [] []
157 0.97 [1,88,62,77,14] [] [574,6,897,842,398,413,197] []
158 1.05 [84,89,40,42,37] [] [] []
159 0.91 [32,87,73,96,21,89,33,38] [] [] []
160 0.97 [12,97,98,60,24] [] [] []
161 0.63 [72,2,85,35,38,13,46] [357,88,712,995,144,688,941,162] [323,455,995,923,660,417,193,240,827,502,998] []
162 0.96 [19,52,39,34,74,96,73,13,97] [357,88,712,995,144,161,688,941] [] []
163 0.94 [45,72,88,37,29] [] [] []
164 0.85 [77,69,91,21,54,76,66] [423,895,418,501,65,356,653,143] [] []
165 1.0 [41,92,1,3,98,73,9,17] [546,354,135,833,696,102,777,219,278] [] []
166 0.92 [3,45,69,99,32] [] [] []
167 0.85 [99,55,82,86,25,80,32,46,47,98] [769,210,382,823,602,533,231] [831,699,259,98,610,466,764,193] [635,146,95,504,769,754,239,920,32,451,778,144,441,128,417,64,2,243,237,793,88,841,667,453,221,987,821,852,385,593,283,738,430,19,167,282,919,702,279,998]
168 0.96 [89,50,94,74,70,82,47,93,7,63] [666,821,436,123] [] []
169 0.95 [66,30,28,37,35,93,27,9] [504,991,788,755,778,562,531,43,984] [] []
170 0.91 [24,98,88,82,65,26,40,22,92] [] [] [11,532,398,974,476,596,270,537,403,97,176,782,460,271,170,370,578,551,423,971,137,378,388,86,479,411,699,503,432,228,337,935]
171 0.95 [56,42,72,59,50,74,99,16,65] [] [] []
172 0.91 [41,99,35,56,47,13,54,69,10] [2,753,345,358,305] [] [453,395,477,300,974,149,814,766,689,658,714,361,83,955,4,137,970,350,889,825,600,323,612,43,950,181,619,172,326,359,690,184,815,788,640,959,29,240]
173 0.9 [88,16,32,1,7] [632,579,829,884,593,879,71] [518,302,646,271,997,618,956,220,14,287] []
174 1.25 [42,12,51,35,74,67] [850,749,607,479,579,148,620,862,485] [] []
175 0.98 [81,74,88,31,79,18,70,49] [615,541,409,107,392,689,819] [] []
176 0.9 [72,38,1,29,82,74,90,37,51] [744,745,658,62,977,459,76] [] [11,532,398,974,476,596,270,537,403,97,176,782,460,271,170,370,578,551,423,971,137,378,388,86,479,411,699,503,432,228,337,935]
177 1.0 [32,1,73,56,91,64,19,18,52] [] [] []
178 1.0 [61,30,54,4,10,14,73,31] [363,519,993,568,578,922,965] [] []
179 0.9 [55,16,10,57,42,60,22] [75,18,500,122,29] [] []
180 0.85 [63,73,77,7,9,96,12] [] [] []
181 0.96 [82,98,79,35,59,2,45] [481,374,604,472,0,763,605] [945,191,551,422,793,508,878,201] [453,395,477,300,974,149,814,766,689,658,714,361,83,955,4,137,970,350,889,825,600,323,612,43,950,181,619,172,326,359,690,184,815,788,640,959,29,240]
182 0.7 [76,77,73,61,23,64,36,62,26] [322,467,767,147,89] [] [777,580,636,537,64,705,312,997,586,760,234,743,719,182,154,872,251,323,557,458,286,329]
183 0.86 [65,16,39,25,10,38,71,62,7] [] [] []
184 0.95 [36,24,93,54,77,72,62,30,56,10] [] [] [453,395,477,300,974,149,814,766,689,658,714,361,83,955,4,137,970,350,889,825,600,323,612,43,950,181,619,172,326,359,690,184,815,788,640,959,29,240]
185 0.78 [23,66,93,48,4,73] [879,220,877,837,350,807,26] [] []
186 0.87 [71,53,73,25,70,88,16] [566,427,94,927,118,785,178] [] []
187 0.89 [38,60,32,84,4,58,76,0] [] [] []
188 0.8 [69,87,84,2,44] [] [] []
189 0.83 [33,99,11,81,2,79,98] [] [] []
190 1.31 [50,71,9,5,88,67,45] [] [] []
191 0.85 [14,28,99,81,65,98] [116,658,948,493,174] [945,551,422,793,508,878,201,181] []
192 1.35 [87,38,91,59,1,34,76,11] [] [] []
193 0.85 [0,9,55,82,35,27,68,30,92] [961,869,650,627,210,262] [323,455,995,923,660,417,240,827,502,998,161] []
194 1.01 [51,65,11,46,40] [] [] [658,448,633,477,556,974,308,459,326,91,626,377,40,859,546,620,829,780,194,382,872,509,668,340,466,817,745,52]
195 0.86 [97,9,62,17,66,79,3] [] [] []
196 0.93 [87,86,50,57,1,7,38,55,0,62] [705,880,308,750,576,333,610,283] [] []
197 1.0 [60,16,67,70,26,59,28] [] [574,6,897,842,398,413,157] [646,236,197,913,353,843,632,836,883,483,968,616,44,701,148,102,640,638,13,636,138,690,715,68,696,232]
198 0.95 [25,97,3,31,9,99,81,42,48,52] [75,712,858,59,10,900,19] [] []
199 0.87 [3,45,82,48,34,31,58,63,88,46] [80,285,232,434,856,712,790] [] [770,535,980,735,913,329,646,884,199,119,677,992,304,636,263,42,496,711,288,740,67,872,959,614,406,356,684,293,253,995,279,514,638,665,24,909,324,576,852,929]
200 0.86 [58,7,17,26,4,70,18,76,80,30] [] [] []
201 1.0 [53,88,80,84,18,95,11,20] [] [945,191,551,422,793,508,878,181] [563,343,529,910,956,620,219,38,632,613,786,678,2,201,874,100,818,640,470,685,265,229,898,838,778,12,110,881,449,746,810,666,486,686,254,601]
202 0.94 [28,40,94,62,33,13,95,91] [] [] []
203 0.87 [61,91,4,56,19,3,55,21] [] [] []
204 0.9 [11,69,75,72,63,61,58] [] [] []
205 0.95 [26,92,59,30,41,10,81,68,72,97] [721,615,829,933,944] [] []
206 0.88 [79,99,43,22,18,9,34,91,56,36] [257,586,778,415] [] []
207 0.92 [94,60,49,80,73,29,41,47] [825,765,648,597] [20,503,534,655,109] []
208 0.93 [94,18,24,59,49,81,74] [776,391,240,643,266,349] [] []
209 1.0 [62,29,41,16,60,42] [] [] []
210 0.87 [25,79,74,89,54,49,91,92,32] [769,382,823,167,602,533,231] [863,525,808,587,954,731,855] []
211 1.0 [0,45,4,70,50,9,87] [632,653,249,257,227,353,508,488,817] [] []
212 0.83 [52,44,77,32,47,81,91,24,73] [951,305,503,556,220,710] [] []
213 0.96 [54,65,87,80,36,32,76] [] [] []
214 0.91 [82,15,90,88,8,10,37,84,52,79] [] [] []
215 0.95 [84,58,92,99,80] [684,628,790,564,518,984] [] []
216 0.94 [76,50,3,70,41,98,51,67,87] [] [] []
217 0.9 [5,65,54,38,60,95,52,37] [] [671,303,585,678,842,279,616] []
218 0.9 [52,64,49,10,83,56,34,91,92,1] [] [] []
219 0.94 [96,84,93,6,97,69] [546,354,135,833,696,102,165,777,278] [113,469,841,968,738,989,465,653,854,442,421] [563,343,529,910,956,620,219,38,632,613,786,678,2,201,874,100,818,640,470,685,265,229,898,838,778,12,110,881,449,746,810,666,486,686,254,601]
220 0.94 [53,27,29,38,4,77] [185,879,877,837,350,807,26] [518,302,646,173,271,997,618,956,14,287] []
221 0.98 [40,45,99,85,52,74,64,66] [247,68,847,123,844,42,725,135,896] [] [221,632,49,571,370,665,254,78,435,876,892,375,505,544,51]
222 0.9 [5,53,48,0,23,47] [734,466,109,655,44,405,497,930,920] [949,692,948,97,534,321,252] []
223 0.9 [81,72,71,25,93] [] [] []
224 0.8 [36,66,22,38,53,34,10,85,65] [314,453,771,805,8,932,955] [] []
225 0.85 [4,95,19,21,33,66,5,29] [] [] []
226 1.0 [15,21,84,32,18] [] [] []
227 1.0 [32,69,0,21,8,27,24,36,83,88] [632,211,653,249,257,353,508,488,817] [] []
228 0.95 [70,19,96,95,13,4,45] [358,445,94,725,655,1,361] [] [11,532,398,974,476,596,270,537,403,97,176,782,460,271,170,370,578,551,423,971,137,378,388,86,479,411,699,503,432,228,337,935]
229 1.0 [86,39,19,34,60,0,51,15,97] [] [] [563,343,529,910,956,620,219,38,632,613,786,678,2,201,874,100,818,640,470,685,265,229,898,838,778,12,110,881,449,746,810,666,486,686,254,601]
230 0.93 [93,5,3,55,45,83,7,33,11] [489,936,334,78,565,380,721] [] []
231 0.81 [38,77,99,28,53,84] [261,662,947,581,734] [] []
232 0.99 [47,24,77,65,32,94,13] [80,285,434,856,712,199,790] [] [646,236,197,913,353,843,632,836,883,483,968,616,44,701,148,102,640,638,13,636,138,690,715,68,696,232]
233 0.89 [35,4,30,38,42,20,5] [] [] []
234 1.05 [13,74,80,54,19,72,92,99,68] [] [288,743,515,305,834,323,543,235,291] [777,580,636,537,64,705,312,997,586,760,234,743,719,182,154,872,251,323,557,458,286,329]
235 0.7 [73,1,56,22,77,17,23] [] [288,743,515,305,834,323,543,234,291] []
236 0.94 [28,42,82,78,38,7,53,89,62] [695,519,246,850,126] [] [646,236,197,913,353,843,632,836,883,483,968,616,44,701,148,102,640,638,13,636,138,690,715,68,696,232]
237 0.97 [37,50,26,95,92,78] [] [] [635,146,95,504,769,754,239,920,32,451,778,144,441,128,417,64,2,243,237,793,88,841,667,453,221,987,821,852,385,593,283,738,430,19,167,282,919,702,279,998]
238 0.92 [27,4,50,13,33,36,17,10,3,99] [692,517,627,244,803,147,483,647,300] [] []
239 0.88 [36,24,92,25,98,71,0,61,8,54] [] [] [635,146,95,504,769,754,239,920,32,451,778,144,441,128,417,64,2,243,237,793,88,841,667,453,221,987,821,852,385,593,283,738,430,19,167,282,919,702,279,998]
240 0.8 [1,49,88,67,94,19,80] [776,391,643,266,208,349] [323,455,995,923,660,417,193,827,502,998,161] [453,395,477,300,974,149,814,766,689,658,714,361,83,955,4,137,970,350,889,825,600,323,612,43,950,181,619,172,326,359,690,184,815,788,640,959,29,240]
241 1.03 [49,79,47,89,96,92,55] [] [500,269,418,431,487,702,621,987,35,19,654] []
242 1.18 [41,93,65,3,58] [] [] []
243 0.84 [73,71,11,98,18,86,50,46,63,54] [13,972,548,975,756] [] [635,146,95,504,769,754,239,920,32,451,778,144,441,128,417,64,2,243,237,793,88,841,667,453,221,987,821,852,385,593,283,738,430,19,167,282,919,702,279,998]
244 0.93 [98,49,55,68,37,15,79,39,12] [692,517,627,803,147,483,238,647,300] [] []
245 0.93 [9,69,6,48,35,96,45,79,8,22] [] [] []
246 0.86 [49,24,85,2,46,8,47,87,51,32] [695,519,236,850,126] [] []
247 0.85 [91,43,2,23,58,25,59] [68,847,123,844,42,221,725,135,896] [] []
248 0.91 [15,72,68,47,81] [54,877,974,659,594,796,21,618,524] [] []
249 1.16 [58,87,35,18,69,17,11,32] [632,211,653,257,227,353,508,488,817] [] []
250 0.81 [8,46,35,85,89,52,58] [557,512,307,150,21,231] [] []
251 0.88 [69,36,83,2,91,56,6,13] [845,921,657,424,953,530,635,20,75] [] [777,580,636,537,64,705,312,997,586,760,234,743,719,182,154,872,251,323,557,458,286,329]
252 0.92 [80,3,66,83,49,30,32,48] [] [949,222,692,948,97,534,321] []
253 0.83 [58,6,69,13,56,68,67,34,28,78] [845,54,871,301,554,327] [] [770,535,980,735,913,329,646,884,199,119,677,992,304,636,263,42,496,711,288,740,67,872,959,614,406,356,684,293,253,995,279,514,638,665,24,909,324,576,852,929]
254 0.92 [68,16,93,32,13] [] [] [221,632,49,571,370,665,254,78,435,876,892,375,505,544,51]
255 0.98 [29,85,79,66,10,62,24,45,41] [] [] []
256 0.94 [46,11,86,15,1] [145,695,329,348,527,61,702] [] []
257 0.96 [15,36,43,86,98,72,33,42,10] [632,211,653,249,227,353,508,488,817] [] []
258 1.04 [72,89,39,73,4,30,24,46,86] [] [] []
259 0.89 [26,75,10,92,76,86,53,19,21,58] [396,540,971,350,788] [831,699,98,610,466,764,193,167] []
260 0.94 [54,13,53,25,89,60] [838,562,332,629,12,960,174,657] [] []
261 1.0 [43,29,87,78,51] [662,947,581,734,231] [] []
262 0.96 [84,58,80,54,69,10,34,73,94] [819,738,112,562,889] [] []
263 1.19 [14,25,65,59,26,46] [821,97,555,933] [] [770,535,980,735,913,329,646,884,199,119,677,992,304,636,263,42,496,711,288,740,67,872,959,614,406,356,684,293,253,995,279,514,638,665,24,909,324,576,852,929]
264 0.9 [50,96,54,69,38,23,91,53,97,58] [972,665,954,634,453] [] []
265 0.93 [45,14,65,62,54,43] [910,656,531,472,979,781,595,421,338] [] [563,343,529,910,956,620,219,38,632,613,786,678,2,201,874,100,818,640,470,685,265,229,898,838,778,12,110,881,449,746,810,666,486,686,254,601]
266 0.81 [62,38,11,15,64] [776,391,240,643,208,349] [] []
267 0.92 [30,71,54,89,8,82,69] [] [] []
268 1.24 [15,46,55,52,50,64,22,91,3,12] [] [] []
269 0.95 [66,21,55,92,86] [] [500,418,431,487,241,702,621,987,35,19,654] []
270 1.0 [58,9,75,86,80,42,17,15,44,78] [816,738,813,408,565,397,895,58] [] [11,532,398,974,476,596,270,537,403,97,176,782,460,271,170,370,578,551,423,971,137,378,388,86,479,411,699,503,432,228,337,935]
271 0.82 [36,17,86,85,80,5,59] [] [518,302,646,173,997,618,956,220,14,287] [11,532,398,974,476,596,270,537,403,97,176,782,460,271,170,370,578,551,423,971,137,378,388,86,479,411,699,503,432,228,337,935]
272 0.86 [78,62,70,32,74,23] [] [] []
273 0.97 [56,22,73,88,76,80,66,5] [613,346,521,115] [] []
274 0.9 [57,13,43,96,74,16,53,93,18] [796,482,406,729,498,564,597,879] [] []
275 1.23 [37,23,98,79,86,93] [] [] []
276 0.73 [43,65,25,49,16,62,3] [101,95,72,544] [] []
277 0.87 [56,19,33,3,91,22,55,5] [230,168,693,165,327,911,940,548] [] []
278 0.79 [87,45,94,89,59,82] [546,354,135,833,696,102,165,777,219] [] []
279 0.93 [58,15,93,80,37,77,13,88,85] [652,430,774,533,477,831] [671,217,303,585,678,842,616] [635,146,95,504,769,754,239,920,32,451,778,144,441,128,417,64,2,243,237,793,88,841,667,453,221,987,821,852,385,593,283,738,430,19,167,282,919,702,279,998]
280 0.94 [36,91,16,31,66,64,51,13,32,25] [] [] []
281 1.16 [25,84,49,93,15,98,7,94,14] [95,662,875,463,341,79,905,250,167] [] []
282 0.82 [91,51,25,79,44,40] [] [] [635,146,95,504,769,754,239,920,32,451,778,144,441,128,417,64,2,243,237,793,88,841,667,453,221,987,821,852,385,593,283,738,430,19,167,282,919,702,279,998]
283 0.89 [36,86,7,42,25,82] [705,880,308,750,576,333,610,196] [] [635,146,95,504,769,754,239,920,32,451,778,144,441,128,417,64,2,243,237,793,88,841,667,453,221,987,821,852,385,593,283,738,430,19,167,282,919,702,279,998]
284 0.89 [88,68,32,3,99,78,62] [386,692,886,803] [743,782,689,525,505] []
285 0.93 [82,27,14,26,73,11,57,48] [80,232,434,856,712,199,790] [] []
286 0.99 [99,87,80,2,86,97,72,88,60] [] [] [777,580,636,537,64,705,312,997,586,760,234,743,719,182,154,872,251,323,557,458,286,329]
287 0.96 [3,90,98,57,81,85,96,97] [839,567,948,846,561,357,86,667,30] [518,302,646,173,271,997,618,956,220,14] []
288 0.76 [4,94,73,30,27,13,46,47] [492,104,913,691] [743,515,305,834,323,543,234,235,291] [770,535,980,735,913,329,646,884,199,119,677,992,304,636,263,42,496,711,288,740,67,872,959,614,406,356,684,293,253,995,279,514,638,665,24,909,324,576,852,929]
289 0.86 [17,76,71,30,51,23,12] [] [] []
290 0.78 [40,52,59,32,12,51,92] [] [] []
291 0.79 [5,50,22,80,18] [] [288,743,515,305,834,323,543,234,235] []
292 0.85 [72,99,79,76,67,65,50] [] [] []
293 0.89 [36,91,33,90,71] [] [] [770,535,980,735,913,329,646,884,199,119,677,992,304,636,263,42,496,711,288,740,67,872,959,614,406,356,684,293,253,995,279,514,638,665,24,909,324,576,852,929]
294 1.0 [70,65,79,33,15] [] [] []
295 0.72 [2,37,36,32,10,46,52,84,93,1] [] [] []
296 0.93 [73,60,18,43,45,6,47] [] [] []
297 0.87 [18,63,23,25,99] [] [] []
298 0.82 [58,20,89,64,22,97,60,33,74,19] [] [429,648,848,537,961,904,50,287,394,41] []
299 0.77 [10,91,65,36,63,54,73,80,52,55] [761,786,763,695] [] []
300 0.92 [91,46,70,39,41,4,9,7,40,49] [692,517,627,244,803,147,483,238,647] [] [453,395,477,300,974,149,814,766,689,658,714,361,83,955,4,137,970,350,889,825,600,323,612,43,950,181,619,172,326,359,690,184,815,788,640,959,29,240]
301 0.94 [95,27,39,70,6,67] [845,253,54,871,554,327] [] []
302 1.09 [5,84,46,36,67,16,11,62] [] [518,646,173,271,997,618,956,220,14,287] []
303 0.96 [56,52,67,8,47,92,72,34,44,63] [] [671,217,585,678,842,279,616] []
304 1.19 [0,59,82,13,87,39,77,27] [] [885,644,916,451,601,418,94,940,852,383,321] [770,535,980,735,913,329,646,884,199,119,677,992,304,636,263,42,496,711,288,740,67,872,959,614,406,356,684,293,253,995,279,514,638,665,24,909,324,576,852,929]
305 1.01 [99,57,11,63,3,87,44,79] [2,753,345,358,172] [288,743,515,834,323,543,234,235,291] []
306 0.97 [38,26,89,25,72] [] [627,18,653,327,476,875,340] []
307 1.16 [49,22,43,57,67,76,48,60] [557,512,150,250,21,231] [] []
308 1.09 [18,36,72,84,11,56,43,27] [705,880,750,576,333,610,283,196] [] [658,448,633,477,556,974,308,459,326,91,626,377,40,859,546,620,829,780,194,382,872,509,668,340,466,817,745,52]
309 0.89 [87,62,32,75,9,50,65] [] [] []
310 0.82 [23,5,85,82,27,12,34,13,80] [] [] []
311 0.86 [12,85,59,31,1,66,41,33,92] [896,741,736,334,564] [] []
312 1.0 [4,60,8,25,39,32,47,91,87] [] [] [777,580,636,537,64,705,312,997,586,760,234,743,719,182,154,872,251,323,557,458,286,329]
313 0.83 [40,88,19,39,13,29,34] [542,399,156,559,712,74,81,900] [] []
314 0.87 [47,71,32,11,43] [453,771,805,8,932,955,224] [] []
315 0.89 [69,39,8,85,23,88,38,60,62] [] [] []
316 0.93 [0,31,15,29,51,12] [] [108,119,741,806,106,998,32,832] []
317 0.75 [71,77,28,42,75] [] [] []
318 0.86 [41,43,54,94,3,85,59,58,79] [797,810,498,935,674] [] []
319 1.16 [21,53,64,77,28,18,67,84,30] [872,984,793,68,632] [] []
320 0.85 [96,54,23,24,89] [] [371,508,899,658,639] []
321 0.94 [98,18,2,9,45,11,60,99] [554,335,794,621,919,129,596,572,601] [885,644,916,451,601,418,94,940,852,383,304] []
322 0.86 [38,12,29,47,43,27,66,87,56,99] [467,767,147,89,182] [] []
323 0.9 [10,94,32,57,66,34] [] [455,995,923,660,417,193,240,827,502,998,161] [777,580,636,537,64,705,312,997,586,760,234,743,719,182,154,872,251,323,557,458,286,329]
324 0.98 [18,24,8,0,88,62,63,66,67] [] [] [770,535,980,735,913,329,646,884,199,119,677,992,304,636,263,42,496,711,288,740,67,872,959,614,406,356,684,293,253,995,279,514,638,665,24,909,324,576,852,929]
325 1.09 [41,76,38,77,98,70] [] [] []
326 1.19 [35,89,88,53,15,45,59,95,51] [] [] [658,448,633,477,556,974,308,459,326,91,626,377,40,859,546,620,829,780,194,382,872,509,668,340,466,817,745,52]
327 0.96 [31,25,18,4,45,34,12] [845,253,54,871,301,554] [627,18,306,653,476,875,340] []
328 1.0 [51,40,22,89,3,93,57,73] [] [] []
329 0.79 [28,76,65,47,23,21,97,31,10,12] [145,695,348,527,256,61,702] [441,390,35,95] [770,535,980,735,913,329,646,884,199,119,677,992,304,636,263,42,496,711,288,740,67,872,959,614,406,356,684,293,253,995,279,514,638,665,24,909,324,576,852,929]
330 0.92 [82,88,45,39,13,62,93] [] [] []
331 0.89 [42,20,22,46,8,6,75,64] [] [] []
332 1.04 [24,96,90,37,25,4] [44,933,539,107,445,401,372] [731,47,866,417,57,376,349,982] []
333 1.03 [21,70,23,76,1,67,3,44,88] [705,880,308,750,576,610,283,196] [] []
334 1.0 [40,7,42,33,87] [489,936,78,565,230,380,721] [782,761,371,429,464,284,807] []
335 1.33 [73,11,27,54,57,63,71,3,58,12] [610,65,624,118] [] []
336 0.88 [23,29,88,0,22,54] [928,661,844,87,475,5,708] [] []
337 0.85 [69,97,50,8,62,89,54,3] [] [] [11,532,398,974,476,596,270,537,403,97,176,782,460,271,170,370,578,551,423,971,137,378,388,86,479,411,699,503,432,228,337,935]
338 1.0 [90,34,45,72,10,5] [910,656,531,472,979,781,595,265,421] [] []
339 0.76 [49,5,68,71,29,39,83] [] [] []
340 1.16 [65,78,80,70,72,36,11,51,62] [607,669,5,477,659,623,283,300] [627,18,306,653,327,476,875] [658,448,633,477,556,974,308,459,326,91,626,377,40,859,546,620,829,780,194,382,872,509,668,340,466,817,745,52]
341 0.93 [60,23,16,92,15,12] [95,662,875,463,79,905,250,281,167] [] []
342 1.0 [55,82,30,34,83] [261,131,389,704,869] [481,799,62,42,306,891,363,24] []
343 0.9 [42,1,55,72,9,92,51,83] [] [] [379,452,810,479,809,692,461,437,972,556,113,438,977,343,595]
344 0.86 [92,33,56,86,46,98,60,28,94,53] [] [] []
345 0.96 [93,7,98,55,42,60,19] [609,896,924,62,731] [] []
346 0.96 [73,8,40,44,74] [613,521,273,115] [] []
347 1.09 [67,13,82,86,32,84,85,5,3] [909,874,21,26,666,499] [] []
348 1.11 [57,74,3,34,44,94,18,36,15] [145,695,329,527,256,61,702] [] []
349 0.88 [38,2,26,94,0] [776,391,240,643,266,208] [731,47,866,417,57,376,332,982] []
350 0.95 [18,69,43,97,3,66,28,12,96] [185,879,220,877,837,807,26] [] [453,395,477,300,974,149,814,766,689,658,714,361,83,955,4,137,970,350,889,825,600,323,612,43,950,181,619,172,326,359,690,184,815,788,640,959,29,240]
351 1.04 [27,3,97,32,14,75] [] [] []
352 0.91 [38,57,60,74,88,90] [] [] []
353 0.91 [21,12,60,86,66,16,30,42] [632,211,653,249,257,227,508,488,817] [] [646,236,197,913,353,843,632,836,883,483,968,616,44,701,148,102,640,638,13,636,138,690,715,68,696,232]
354 1.04 [73,25,48,95,45,22] [546,135,833,696,102,165,777,219,278] [] []
355 0.94 [28,1,8,70,58,93,49,61,30,91] [930,387,244,465,682,681,700] [] []
356 0.98 [59,72,8,97,35,0,22] [423,895,418,501,65,653,164,143] [] [770,535,980,735,913,329,646,884,199,119,677,992,304,636,263,42,496,711,288,740,67,872,959,614,406,356,684,293,253,995,279,514,638,665,24,909,324,576,852,929]
357 0.86 [13,36,95,48,42,73,50] [839,287,567,948,846,561,86,667,30] [] []
358 0.93 [94,29,57,27,90,81,65,61,92] [681,415,699,684,675,390,380,558] [] []
359 1.0 [69,13,71,60,23] [] [] [453,395,477,300,974,149,814,766,689,658,714,361,83,955,4,137,970,350,889,825,600,323,612,43,950,181,619,172,326,359,690,184,815,788,640,959,29,240]
360 0.88 [13,34,3,96,38,65,91,95,69] [431,558,87,995,105,587] [] []
361 0.93 [35,61,40,83,39,29,84,69,27,54] [358,445,94,725,655,1,228] [] [453,395,477,300,974,149,814,766,689,658,714,361,83,955,4,137,970,350,889,825,600,323,612,43,950,181,619,172,326,359,690,184,815,788,640,959,29,240]
362 1.0 [58,7,13,52,56,98,86,2,71,78] [] [] []
363 1.0 [24,78,5,59,92,49,67,52] [519,178,993,568,578,922,965] [481,799,62,42,306,342,891,24] []
364 0.84 [21,66,69,89,12,26] [959,537,590,64,84,649,999,401] [] []
365 0.95 [59,61,57,7,23,76,10,81] [] [] []
366 0.81 [78,25,60,96,2,20] [] [] []
367 0.94 [96,11,23,45,72,53] [] [] []
368 1.09 [79,58,86,69,55,33] [618,884,606,646] [] []
369 0.72 [9,79,59,76,18,37] [] [] []
370 0.91 [59,55,77,74,79,73] [] [] [221,632,49,571,370,665,254,78,435,876,892,375,505,544,51]
371 1.01 [13,76,42,90,53,34,51] [] [508,899,658,639,320] []
372 0.95 [86,35,0,83,72,38,62,99] [380,715,996,477,92] [] []
373 0.97 [26,52,48,83,36,57,8,33] [] [456,94,800,22,697,493] []
374 0.91 [58,3,60,98,95,11,79,20] [706,579,547,518,819,986,727] [] []
375 1.24 [69,53,84,1,72,30] [] [] [221,632,49,571,370,665,254,78,435,876,892,375,505,544,51]
376 1.0 [75,65,5,44,62,51] [] [731,47,866,417,57,332,349,982] []
377 0.87 [35,25,33,59,22,10,68,89,48] [] [] [658,448,633,477,556,974,308,459,326,91,626,377,40,859,546,620,829,780,194,382,872,509,668,340,466,817,745,52]
378 0.88 [57,68,94,35,52,63,83,46,4,59] [532,48,412,906] [] [11,532,398,974,476,596,270,537,403,97,176,782,460,271,170,370,578,551,423,971,137,378,388,86,479,411,699,503,432,228,337,935]
379 0.96 [57,51,66,18,34,9,15] [735,645,941,552,256] [] [379,452,810,479,809,692,461,437,972,556,113,438,977,343,595]
380 0.92 [61,93,31,47,16,46,27] [681,415,699,684,358,675,390,558] [] []
381 1.11 [63,60,43,47,73,87,12,35,20,61] [] [] []
382 0.92 [54,20,38,5,55,73,87,63] [769,210,823,167,602,533,231] [] [658,448,633,477,556,974,308,459,326,91,626,377,40,859,546,620,829,780,194,382,872,509,668,340,466,817,745,52]
383 0.95 [4,41,21,69,92,57] [708,430,974,140,169] [885,644,916,451,601,418,94,940,852,321,304] []
384 0.91 [87,70,89,56,48,73,31,30,85] [993,611,515,570,733,120,305,35,689] [] []
385 0.91 [72,74,22,41,60] [] [] [635,146,95,504,769,754,239,920,32,451,778,144,441,128,417,64,2,243,237,793,88,841,667,453,221,987,821,852,385,593,283,738,430,19,167,282,919,702,279,998]
386 1.07 [59,52,55,86,76,25,33,99,32] [692,886,803,284] [] []
387 0.95 [68,76,48,63,61,65,51,93,23] [930,244,465,682,681,355,700] [] []
388 0.9 [87,85,75,6,83] [] [] [11,532,398,974,476,596,270,537,403,97,176,782,460,271,170,370,578,551,423,971,137,378,388,86,479,411,699,503,432,228,337,935]
389 0.93 [13,78,57,98,25,48,5] [154,863,950,402,623,764,150,363,392] [] []
390 0.9 [80,76,30,81,96] [681,415,699,684,358,675,380,558] [441,35,95,329] []
391 0.85 [95,6,43,37,88,68,30] [776,240,643,266,208,349] [] []
392 0.95 [77,85,2,97,32,34,91,5] [154,863,950,402,623,764,150,363,389] [] []
393 0.77 [20,39,87,33,13,28,48] [] [] []
394 1.24 [96,94,81,13,46,84,34,87] [] [429,648,848,298,537,961,904,50,287,41] []
395 0.85 [60,47,83,33,80,92,89,81,56] [] [] [453,395,477,300,974,149,814,766,689,658,714,361,83,955,4,137,970,350,889,825,600,323,612,43,950,181,619,172,326,359,690,184,815,788,640,959,29,240]
396 0.86 [41,42,30,52,44,20,39] [601,13,73,959,592] [] []
397 0.88 [48,54,75,79,13,28,10] [816,738,813,408,565,270,895,58] [] []
398 0.93 [33,63,29,87,83] [] [574,6,897,842,413,197,157] [11,532,398,974,476,596,270,537,403,97,176,782,460,271,170,370,578,551,423,971,137,378,388,86,479,411,699,503,432,228,337,935]
399 0.84 [82,55,58,4,51,83] [542,313,156,559,712,74,81,900] [] []
400 0.9 [80,24,56,19,64,14,38,27] [50,717,760,912,831,131,417,636,882] [] []
401 1.0 [62,24,93,75,2,91,43,61,10] [959,537,590,64,364,84,649,999] [] []
402 0.97 [54,16,19,22,80,84] [154,863,950,623,764,150,363,389,392] [753,535,845,711] []
403 0.99 [67,1,43,29,50,84,45,59,51,63] [] [] [11,532,398,974,476,596,270,537,403,97,176,782,460,271,170,370,578,551,423,971,137,378,388,86,479,411,699,503,432,228,337,935]
404 1.0 [91,89,86,7,52,77,0,19,80] [287,719,961,773] [] []
405 0.89 [54,18,83,69,40,68,49,19,71] [734,466,109,655,222,44,497,930,920] [] []
406 0.93 [87,70,98,94,1] [796,482,729,498,564,274,597,879] [] [770,535,980,735,913,329,646,884,199,119,677,992,304,636,263,42,496,711,288,740,67,872,959,614,406,356,684,293,253,995,279,514,638,665,24,909,324,576,852,929]
407 0.97 [37,56,4,93,54] [] [] []
408 1.0 [19,51,55,86,33,56] [816,738,813,565,397,270,895,58] [] []
409 0.91 [21,55,43,41,93,68,54] [615,175,541,107,392,689,819] [] []
410 0.82 [91,79,77,61,4,27,0,6] [] [] []
411 1.0 [27,3,58,87,80,68] [] [] [11,532,398,974,476,596,270,537,403,97,176,782,460,271,170,370,578,551,423,971,137,378,388,86,479,411,699,503,432,228,337,935]
412 0.98 [91,57,24,54,63] [489,472,714,561,583] [] []
413 0.76 [16,59,45,12,88,40,47,21,55,18] [] [574,6,897,842,398,197,157] []
414 0.82 [36,79,15,22,30,80] [] [] []
415 0.97 [95,85,92,91,51,75,32,46,39,26] [681,699,684,358,675,390,380,558] [] []
416 0.86 [34,27,97,11,21,43,42,31] [729,781,663,612,981,136] [] []
417 1.17 [63,47,68,0,79,89] [50,717,760,912,831,131,636,400,882] [323,455,995,923,660,193,240,827,502,998,161] [635,146,95,504,769,754,239,920,32,451,778,144,441,128,417,64,2,243,237,793,88,841,667,453,221,987,821,852,385,593,283,738,430,19,167,282,919,702,279,998]
418 0.97 [68,26,13,9,36,2] [423,895,501,65,356,653,164,143] [500,269,431,487,241,702,621,987,35,19,654] []
419 1.05 [51,38,93,82,1] [] [] []
420 0.96 [16,38,50,49,84,26,89] [] [] []
421 0.98 [64,97,63,95,75] [910,656,531,472,979,781,595,265,338] [113,469,841,968,738,989,465,653,854,442,219] []
422 1.04 [30,61,77,7,11,56,5] [] [945,191,551,793,508,878,201,181] []
423 0.86 [22,5,98,6,59,88,65,40,34] [895,418,501,65,356,653,164,143] [] [11,532,398,974,476,596,270,537,403,97,176,782,460,271,170,370,578,551,423,971,137,378,388,86,479,411,699,503,432,228,337,935]
424 0.9 [93,45,98,78,3,81,75,50,33,97] [845,921,657,953,530,635,20,75,251] [] []
425 0.92 [57,78,77,69,31] [] [] []
426 0.81 [16,33,91,56,28,49,21,32,18] [] [] []
427 0.92 [17,97,35,34,40,71] [566,186,94,927,118,785,178] [] []
428 0.89 [32,43,77,50,70,71,28] [355,555,690,498] [] []
429 1.4 [64,0,20,49,35] [250,101,981,794,829,284] [782,334,761,371,464,284,807] []
430 0.92 [8,38,20,86,72,21,70,54,0] [708,383,974,140,169] [] [635,146,95,504,769,754,239,920,32,451,778,144,441,128,417,64,2,243,237,793,88,841,667,453,221,987,821,852,385,593,283,738,430,19,167,282,919,702,279,998]
431 1.0 [88,52,73,33,49,42,7] [558,87,995,105,360,587] [500,269,418,487,241,702,621,987,35,19,654] []
432 0.91 [22,24,82,91,43] [] [] [11,532,398,974,476,596,270,537,403,97,176,782,460,271,170,370,578,551,423,971,137,378,388,86,479,411,699,503,432,228,337,935]
433 0.92 [89,17,43,96,64,25] [] [] []
434 1.02 [27,11,23,42,98,70,51,20,46] [80,285,232,856,712,199,790] [] []
435 0.94 [40,73,80,38,35,6,65,57,61] [] [] [221,632,49,571,370,665,254,78,435,876,892,375,505,544,51]
436 0.91 [30,0,29,60,39,20] [666,821,168,123] [] []
437 1.13 [48,67,7,20,86] [] [] [379,452,810,479,809,692,461,437,972,556,113,438,977,343,595]
438 0.9 [88,12,45,87,29,82,39,73,77,52] [] [] [379,452,810,479,809,692,461,437,972,556,113,438,977,343,595]
439 0.97 [78,94,73,42,87,49,6,52,29,31] [] [] []
440 1.02 [50,63,40,23,57,97,94,92] [] [] []
441 0.9 [54,35,71,47,9,91,95,4] [816,665,690,503] [390,35,95,329] [635,146,95,504,769,754,239,920,32,451,778,144,441,128,417,64,2,243,237,793,88,841,667,453,221,987,821,852,385,593,283,738,430,19,167,282,919,702,279,998]
442 1.0 [43,70,35,68,37,76,61,25] [] [113,469,841,968,738,989,465,653,854,421,219] []
443 1.14 [40,46,70,48,61] [] [] []
444 0.78 [76,81,10,22,42,3,75,88] [] [] []
445 0.86 [67,41,54,42,97,24,43,36,19] [358,94,725,655,1,361,228] [89,452,577,894,140] []
446 1.28 [17,90,68,46,24,60,31,35,36] [977,151,120,571,220,585] [] []
447 1.22 [64,39,56,9,19,26,40] [] [] []
448 0.93 [19,35,97,11,79,38,7,44,33,56] [224,299,16,551,185,707,734] [] [658,448,633,477,556,974,308,459,326,91,626,377,40,859,546,620,829,780,194,382,872,509,668,340,466,817,745,52]
449 0.88 [28,14,19,16,75,7,78,40,13] [] [] [563,343,529,910,956,620,219,38,632,613,786,678,2,201,874,100,818,640,470,685,265,229,898,838,778,12,110,881,449,746,810,666,486,686,254,601]
450 1.0 [79,17,88,99,13,0] [] [] []
451 1.0 [12,74,24,50,0,90,10,39,9] [] [885,644,916,601,418,94,940,852,383,321,304] [635,146,95,504,769,754,239,920,32,451,778,144,441,128,417,64,2,243,237,793,88,841,667,453,221,987,821,852,385,593,283,738,430,19,167,282,919,702,279,998]
452 0.94 [59,9,8,85,83,37,98,96] [] [89,445,577,894,140] [379,452,810,479,809,692,461,437,972,556,113,438,977,343,595]
453 0.92 [11,67,2,51,96,34,53,64] [972,665,954,264,634] [] [635,146,95,504,769,754,239,920,32,451,778,144,441,128,417,64,2,243,237,793,88,841,667,453,221,987,821,852,385,593,283,738,430,19,167,282,919,702,279,998]
454 0.9 [22,81,97,45,51,33,78,8,43] [] [] []
455 0.87 [90,5,43,68,7,0] [] [323,995,923,660,417,193,240,827,502,998,161] []
456 0.94 [5,20,88,70,49,65,7,52,44] [] [94,373,800,22,697,493] []
457 1.23 [31,7,62,19,72,39] [500,592,118,945] [812,651,582,28] []
458 1.01 [11,63,91,62,97] [] [] [777,580,636,537,64,705,312,997,586,760,234,743,719,182,154,872,251,323,557,458,286,329]
459 0.83 [29,77,50,46,76,60,62] [744,745,658,176,62,977,76] [] [658,448,633,477,556,974,308,459,326,91,626,377,40,859,546,620,829,780,194,382,872,509,668,340,466,817,745,52]
460 0.84 [33,72,80,41,52,27,8,84,15] [] [] [11,532,398,974,476,596,270,537,403,97,176,782,460,271,170,370,578,551,423,971,137,378,388,86,479,411,699,503,432,228,337,935]
461 0.99 [93,76,54,55,5,83,14] [] [] [379,452,810,479,809,692,461,437,972,556,113,438,977,343,595]
462 1.0 [71,15,61,63,14] [] [] []
463 1.0 [99,97,37,95,28,42,71,82,62] [95,662,875,341,79,905,250,281,167] [] []
464 0.88 [99,66,58,67,93,41] [] [782,334,761,371,429,284,807] []
465 1.14 [93,48,4,81,56,35,32,87,30] [978,933,784,114,220] [113,469,841,968,738,989,653,854,442,421,219] []
466 1.0 [84,69,50,44,20,3,42,59] [734,109,655,222,44,405,497,930,920] [831,699,259,98,610,764,193,167] [658,448,633,477,556,974,308,459,326,91,626,377,40,859,546,620,829,780,194,382,872,509,668,340,466,817,745,52]
467 0.87 [75,72,10,16,15,54] [322,767,147,89,182] [] []
468 1.33 [17,43,92,42,60,82,80] [] [] []
469 0.87 [3,89,83,66,39,87,6] [] [113,841,968,738,989,465,653,854,442,421,219] []
470 0.8 [29,86,88,24,76,99,64,56,27,45] [] [] [563,343,529,910,956,620,219,38,632,613,786,678,2,201,874,100,818,640,470,685,265,229,898,838,778,12,110,881,449,746,810,666,486,686,254,601]
471 1.01 [5,72,6,94,45,61,93] [] [] []
472 0.9 [74,99,53,52,34,56,27,41] [489,714,412,561,583] [] []
473 0.9 [25,56,47,74,61,60] [] [] []
474 0.91 [30,87,78,64,21] [] [] []
475 0.89 [17,10,38,90,26,16,99,92,84,18] [336,928,661,844,87,5,708] [] []
476 0.9 [57,73,35,0,76,9,88] [962,993,618,714,706,916,787,947,548] [627,18,306,653,327,875,340] [11,532,398,974,476,596,270,537,403,97,176,782,460,271,170,370,578,551,423,971,137,378,388,86,479,411,699,503,432,228,337,935]
477 1.0 [90,47,0,4,97,66,28,96] [607,669,340,5,659,623,283,300] [] [658,448,633,477,556,974,308,459,326,91,626,377,40,859,546,620,829,780,194,382,872,509,668,340,466,817,745,52]
478 0.84 [56,2,89,7,30,16,27] [] [] []
479 0.81 [21,3,20,14,45,77,67] [850,749,607,174,579,148,620,862,485] [] [379,452,810,479,809,692,461,437,972,556,113,438,977,343,595]
480 1.0 [54,32,2,15,95,92,49,0,11,31] [] [] []
481 0.83 [44,9,4,17,53,46] [374,181,604,472,0,763,605] [799,62,42,306,342,891,363,24] []
482 0.93 [69,57,27,78,53,26,65,33,85,40] [796,406,729,498,564,274,597,879] [] []
483 0.9 [35,27,84,50,95,32,76,60,52,56] [692,517,627,244,803,147,238,647,300] [] [646,236,197,913,353,843,632,836,883,483,968,616,44,701,148,102,640,638,13,636,138,690,715,68,696,232]
484 0.93 [74,85,42,11,57] [] [] []
485 0.87 [86,53,94,13,96,70,29,74] [850,749,607,174,479,579,148,620,862] [] []
486 0.72 [70,27,5,74,39] [] [] [563,343,529,910,956,620,219,38,632,613,786,678,2,201,874,100,818,640,470,685,265,229,898,838,778,12,110,881,449,746,810,666,486,686,254,601]
487 0.85 [20,81,92,72,28,24] [] [500,269,418,431,241,702,621,987,35,19,654] []
488 0.86 [25,1,22,47,86,96,6] [632,211,653,249,257,227,353,508,817] [] []
489 0.97 [54,9,0,88,86,2] [936,334,78,565,230,380,721] [] []
490 0.86 [83,48,29,75,20,98,58,84] [] [] []
491 0.81 [40,2,99,79,26,63,64] [] [] []
492 1.0 [63,73,62,49,64,18] [104,913,288,691] [] []
493 0.92 [3,88,52,77,70,57,61,60] [116,658,948,191,174] [456,94,373,800,22,697] []
494 0.95 [50,78,56,15,98] [] [] []
495 1.02 [2,11,65,90,26,50,51,18,20] [] [] []
496 0.9 [23,63,54,4,21,74,94,29,25] [788,348,993,980,27] [] [770,535,980,735,913,329,646,884,199,119,677,992,304,636,263,42,496,711,288,740,67,872,959,614,406,356,684,293,253,995,279,514,638,665,24,909,324,576,852,929]
497 1.0 [65,8,24,35,63,51] [734,466,109,655,222,44,405,930,920] [] []
498 0.86 [31,69,42,30,8,71,85,24,93,74] [796,482,406,729,564,274,597,879] [] []
499 0.83 [15,69,67,65,51,78,68,86,38] [347,909,874,21,26,666] [] []
500 1.03 [34,46,97,32,71,41,50] [75,18,122,179,29] [269,418,431,487,241,702,621,987,35,19,654] []
501 0.75 [72,70,36,48,87] [423,895,418,65,356,653,164,143] [] []
502 1.07 [46,31,38,86,36,35,11,84] [] [323,455,995,923,660,417,193,240,827,998,161] []
503 0.79 [87,45,37,54,23,5,66,97] [816,441,665,690] [20,534,207,655,109] [11,532,398,974,476,596,270,537,403,97,176,782,460,271,170,370,578,551,423,971,137,378,388,86,479,411,699,503,432,228,337,935]
504 0.8 [52,2,76,58,24,55,63] [991,788,755,778,562,169,531,43,984] [] [635,146,95,504,769,754,239,920,32,451,778,144,441,128,417,64,2,243,237,793,88,841,667,453,221,987,821,852,385,593,283,738,430,19,167,282,919,702,279,998]
505 1.04 [61,37,88,57,15,50,90,12,26] [] [743,782,284,689,525] [221,632,49,571,370,665,254,78,435,876,892,375,505,544,51]
506 0.94 [76,16,40,11,34] [] [] []
507 0.89 [99,42,85,83,95,39,18,75,44] [] [] []
508 0.89 [60,49,28,99,59,3,84,14,75] [632,211,653,249,257,227,353,488,817] [371,899,658,639,320] []
509 0.93 [70,34,72,4,86] [812,78,6,511,383,704] [] [658,448,633,477,556,974,308,459,326,91,626,377,40,859,546,620,829,780,194,382,872,509,668,340,466,817,745,52]
510 1.0 [60,69,26,73,30,66] [] [] []
511 0.77 [77,43,69,70,75] [812,78,6,509,383,704] [] []
512 0.76 [66,80,97,22,49,83,68,74] [557,307,150,250,21,231] [] []
513 0.92 [96,37,79,53,93,30,27] [] [] []
514 1.18 [61,25,31,27,23] [] [] [770,535,980,735,913,329,646,884,199,119,677,992,304,636,263,42,496,711,288,740,67,872,959,614,406,356,684,293,253,995,279,514,638,665,24,909,324,576,852,929]
515 0.76 [12,99,84,79,3,53,11,49,13,28] [993,611,570,733,120,305,35,384,689] [288,743,305,834,323,543,234,235,291] []
516 0.98 [18,73,98,10,68,57,32,55,54,82] [] [] []
517 0.82 [49,60,36,64,98,8,81,76,10,92] [530,939,23,584,592,975] [] []
518 0.82 [51,22,32,83,37,1,66,42] [706,374,579,547,819,986,727] [302,646,173,271,997,618,956,220,14,287] []
519 1.0 [1,46,38,33,96] [363,178,993,568,578,922,965] [] []
520 0.96 [84,47,25,33,66,3] [] [] []
521 0.86 [19,9,88,39,4,90,46] [613,346,273,115] [] []
522 0.51 [93,44,68,78,91,52] [815,872,896,322,151,616,76] [] []
523 1.0 [44,85,90,19,47] [] [] []
524 1.0 [82,3,99,72,96,78,92,4,6,2] [248,54,877,974,659,594,796,21,618] [] []
525 0.92 [14,20,89,64,99,37,10] [] [743,782,284,689,505] []
526 1.02 [6,25,46,65,42,47] [697,954,846,750,675] [] []
527 1.01 [16,71,5,53,7,40,46,15,26,94] [145,695,329,348,256,61,702] [] []
528 0.9 [97,61,52,35,37,15,25] [] [] []
529 1.01 [58,31,21,3,94,83,34,42,86,96] [305,961,839,993,644,374,198] [] [563,343,529,910,956,620,219,38,632,613,786,678,2,201,874,100,818,640,470,685,265,229,898,838,778,12,110,881,449,746,810,666,486,686,254,601]
530 0.88 [43,65,59,97,20,61] [845,921,657,424,953,635,20,75,251] [] []
531 0.85 [51,86,28,41,9,75] [504,991,788,755,778,562,169,43,984] [] []
532 0.86 [92,78,77,22,97,45,27] [48,378,412,906] [] [11,532,398,974,476,596,270,537,403,97,176,782,460,271,170,370,578,551,423,971,137,378,388,86,479,411,699,503,432,228,337,935]
533 0.98 [32,77,31,58,3,83,96] [769,210,382,823,167,602,231] [327,893,804,173,12,639] []
534 0.98 [11,91,47,89,40,29,44] [] [949,222,692,948,97,321,252] []
535 0.91 [93,3,54,80,19,78,31,60,77,11] [] [753,845,402,711] [770,535,980,735,913,329,646,884,199,119,677,992,304,636,263,42,496,711,288,740,67,872,959,614,406,356,684,293,253,995,279,514,638,665,24,909,324,576,852,929]
536 1.0 [78,21,84,26,62,66] [] [] []
537 0.87 [16,18,7,38,85] [959,590,64,364,84,649,999,401] [429,648,848,298,961,904,50,287,394,41] [777,580,636,537,64,705,312,997,586,760,234,743,719,182,154,872,251,323,557,458,286,329]
538 0.85 [63,26,37,13,52,89,18,78,60,83] [12,314,397,409,193] [] []
539 0.89 [93,72,12,0,39,58,67] [44,332,933,107,445,401,372] [] []
540 0.89 [65,23,33,63,69,87] [396,259,971,350,788] [] []
541 1.0 [14,42,45,58,5,6] [615,175,409,107,392,689,819] [] []
542 1.08 [63,44,13,60,98,15,40,33,16] [313,399,156,559,712,74,81,900] [] []
543 0.86 [70,11,6,8,65,37,42,46,93] [625,963,37,182,84] [288,743,515,305,834,323,234,235,291] []
544 0.96 [25,40,78,17,53] [101,276,95,72] [] [221,632,49,571,370,665,254,78,435,876,892,375,505,544,51]
545 1.34 [75,19,78,72,10,82,48,35,14] [] [] []
546 0.89 [4,61,48,77,1] [354,135,833,696,102,165,777,219,278] [] [658,448,633,477,556,974,308,459,326,91,626,377,40,859,546,620,829,780,194,382,872,509,668,340,466,817,745,52]
547 0.77 [87,29,26,60,38] [706,374,579,518,819,986,727] [] []
548 1.26 [8,41,38,78,97,85] [962,993,618,714,706,916,787,947,476] [] []
549 0.99 [66,32,97,34,9,53,7,85,74,2] [136,423,61,879,721] [] []
550 1.0 [97,94,64,91,72,79,65,58,40,46] [] [] []
551 0.85 [52,55,78,95,41,16,65,66,35,38] [101,634,409,612] [945,191,422,793,508,878,201,181] [11,532,398,974,476,596,270,537,403,97,176,782,460,271,170,370,578,551,423,971,137,378,388,86,479,411,699,503,432,228,337,935]
552 0.95 [93,19,74,36,16,55] [379,735,645,941,256] [] []
553 0.8 [65,38,37,49,13,18] [] [] []
554 0.93 [76,16,27,2,68,71,89,21] [335,794,321,621,919,129,596,572,601] [] []
555 0.79 [72,60,51,41,27,92,4,21,29,1] [428,355,690,498] [] []
556 0.93 [28,60,20,9,33] [951,305,212,503,220,710] [] [379,452,810,479,809,692,461,437,972,556,113,438,977,343,595]
557 0.91 [78,66,94,31,92,93,67,29] [512,307,150,250,21,231] [] [777,580,636,537,64,705,312,997,586,760,234,743,719,182,154,872,251,323,557,458,286,329]
558 0.87 [22,75,84,80,46,37,45,15,1] [681,415,699,684,358,675,390,380] [] []
559 0.87 [35,20,97,19,16,45,0,89] [542,313,399,156,712,74,81,900] [] []
560 1.2 [35,90,75,19,63,46,12,40,51] [] [] []
561 0.72 [99,30,71,66,17,53,90,22] [839,287,567,948,846,357,86,667,30] [] []
562 0.98 [67,50,19,38,91,29,33,12] [504,991,788,755,778,169,531,43,984] [] []
563 1.05 [38,51,32,12,53] [] [] [563,343,529,910,956,620,219,38,632,613,786,678,2,201,874,100,818,640,470,685,265,229,898,838,778,12,110,881,449,746,810,666,486,686,254,601]
564 0.87 [88,79,30,58,50,84,77] [796,482,406,729,498,274,597,879] [] []
565 1.03 [13,32,88,8,60] [489,936,334,78,230,380,721] [] []
566 1.19 [52,9,15,48,43,19] [186,427,94,927,118,785,178] [] []
567 1.05 [67,35,71,95,97,17,25,39,66,91] [839,287,948,846,561,357,86,667,30] [] []
568 0.96 [24,75,60,89,85,10] [363,519,178,993,578,922,965] [] []
569 0.8 [88,71,52,32,29,89,70,36,0] [] [] []
570 0.96 [27,23,38,47,86,16,63,53] [993,611,515,733,120,305,35,384,689] [] []
571 0.94 [81,36,78,12,35,67] [977,151,120,446,220,585] [] [221,632,49,571,370,665,254,78,435,876,892,375,505,544,51]
572 0.94 [94,80,82,50,12,96] [554,335,794,321,621,919,129,596,601] [] []
573 1.03 [32,82,54,4,71,67] [622,634,990,79,748,901,533] [] []
574 1.0 [69,59,9,16,33,34] [] [6,897,842,398,413,197,157] []
575 0.88 [56,28,15,4,21,29,3,0,72,44] [83,796,996,690,76,868,544] [] []
576 0.86 [74,80,61,12,10,87,33,21,67] [705,880,308,750,333,610,283,196] [] [770,535,980,735,913,329,646,884,199,119,677,992,304,636,263,42,496,711,288,740,67,872,959,614,406,356,684,293,253,995,279,514,638,665,24,909,324,576,852,929]
577 1.0 [77,18,75,7,30] [] [89,452,445,894,140] []
578 0.95 [71,16,61,45,0,47,52,87,23,68] [363,519,178,993,568,922,965] [] [11,532,398,974,476,596,270,537,403,97,176,782,460,271,170,370,578,551,423,971,137,378,388,86,479,411,699,503,432,228,337,935]
579 0.86 [90,34,1,49,93,55,28,4] [632,829,173,884,593,879,71] [] []
580 0.78 [11,78,25,91,90,81,94] [] [] [777,580,636,537,64,705,312,997,586,760,234,743,719,182,154,872,251,323,557,458,286,329]
581 0.94 [89,59,39,26,61] [261,662,947,734,231] [] []
582 0.99 [59,11,57,63,5] [] [812,457,651,28] []
583 0.86 [92,26,25,62,8] [489,472,714,412,561] [] []
584 1.0 [64,11,27,49,30,19,76,69,99,72] [517,530,939,23,592,975] [] []
585 1.0 [24,44,8,77,40,84] [977,151,120,446,571,220] [671,217,303,678,842,279,616] []
586 0.93 [57,1,29,26,36] [206,257,778,415] [] [777,580,636,537,64,705,312,997,586,760,234,743,719,182,154,872,251,323,557,458,286,329]
587 0.98 [24,31,7,79,19,48,74,69] [431,558,87,995,105,360] [863,525,808,954,731,210,855] []
588 1.08 [7,1,88,21,34] [] [] []
589 0.99 [52,25,36,22,40,87,79,42] [] [] []
590 1.01 [84,54,20,33,15,51,52,25,65] [959,537,64,364,84,649,999,401] [] []
591 1.07 [94,18,35,13,36,59,23] [] [] []
592 0.98 [76,13,47,89,49,44,46] [517,530,939,23,584,975] [] []
593 0.83 [75,16,93,27,82,6,99,37,8,34] [632,579,829,173,884,879,71] [] [635,146,95,504,769,754,239,920,32,451,778,144,441,128,417,64,2,243,237,793,88,841,667,453,221,987,821,852,385,593,283,738,430,19,167,282,919,702,279,998]
594 0.95 [47,4,34,97,30,79,95,83] [248,54,877,974,659,796,21,618,524] [] []
595 1.0 [18,32,46,44,81] [910,656,531,472,979,781,265,421,338] [] [379,452,810,479,809,692,461,437,972,556,113,438,977,343,595]
596 1.01 [54,48,21,32,63,36,45,59,67] [554,335,794,321,621,919,129,572,601] [] [11,532,398,974,476,596,270,537,403,97,176,782,460,271,170,370,578,551,423,971,137,378,388,86,479,411,699,503,432,228,337,935]
597 0.93 [84,3,63,30,94] [825,765,648,207] [] []
598 0.97 [76,46,59,97,94,65,40,70,32,19] [101,972,817,909] [] []
599 0.96 [57,50,84,13,35,91,81,98,30] [] [] []
600 1.2 [37,98,70,64,12,78,41,55] [704,933,637,958,147] [] [453,395,477,300,974,149,814,766,689,658,714,361,83,955,4,137,970,350,889,825,600,323,612,43,950,181,619,172,326,359,690,184,815,788,640,959,29,240]
601 0.9 [72,50,2,96,37,36,67,90,63,6] [554,335,794,321,621,919,129,596,572] [885,644,916,451,418,94,940,852,383,321,304] [563,343,529,910,956,620,219,38,632,613,786,678,2,201,874,100,818,640,470,685,265,229,898,838,778,12,110,881,449,746,810,666,486,686,254,601]
602 0.93 [36,53,98,75,12,24,26,63,65,71] [769,210,382,823,167,533,231] [] []
603 0.83 [67,24,95,94,7,80] [] [] []
604 0.96 [74,98,61,11,30,8,47] [481,374,181,472,0,763,605] [] []
605 0.98 [18,61,85,89,38,39,92,64,84] [481,374,181,604,472,0,763] [] []
606 0.93 [87,23,62,38,61,33,3,40,84,74] [618,368,884,646] [] []
607 0.95 [15,21,80,25,38,20,22] [669,340,5,477,659,623,283,300] [] []
608 0.93 [25,83,56,46,89,19] [] [] []
609 0.83 [56,23,13,99,49,44,20,84,26,18] [896,924,62,345,731] [] []
610 0.94 [56,96,58,1,89,43,10,65,67,16] [65,335,624,118] [831,699,259,98,466,764,193,167] []
611 0.77 [39,53,2,4,55,69] [993,515,570,733,120,305,35,384,689] [] []
612 0.92 [72,78,54,5,56,27,14,46,34] [729,781,663,416,981,136] [] [453,395,477,300,974,149,814,766,689,658,714,361,83,955,4,137,970,350,889,825,600,323,612,43,950,181,619,172,326,359,690,184,815,788,640,959,29,240]
613 1.0 [20,78,67,13,43,4,81,73] [346,521,273,115] [] [563,343,529,910,956,620,219,38,632,613,786,678,2,201,874,100,818,640,470,685,265,229,898,838,778,12,110,881,449,746,810,666,486,686,254,601]
614 0.86 [16,13,43,59,84,82] [] [] [770,535,980,735,913,329,646,884,199,119,677,992,304,636,263,42,496,711,288,740,67,872,959,614,406,356,684,293,253,995,279,514,638,665,24,909,324,576,852,929]
615 0.88 [24,9,85,65,62,22,21,17] [205,721,829,933,944] [] []
616 0.96 [39,33,51,78,68,88] [522,815,872,896,322,151,76] [671,217,303,585,678,842,279] [646,236,197,913,353,843,632,836,883,483,968,616,44,701,148,102,640,638,13,636,138,690,715,68,696,232]
617 1.0 [83,53,56,97,54,18,20,65,40,31] [] [] []
618 0.86 [11,54,44,74,88,27,90,70,56] [368,884,606,646] [518,302,646,173,271,997,956,220,14,287] []
619 0.95 [46,36,48,9,25,16,29] [] [] [453,395,477,300,974,149,814,766,689,658,714,361,83,955,4,137,970,350,889,825,600,323,612,43,950,181,619,172,326,359,690,184,815,788,640,959,29,240]
620 0.91 [56,46,1,96,43,74,64,6,47] [850,749,607,174,479,579,148,862,485] [] [563,343,529,910,956,620,219,38,632,613,786,678,2,201,874,100,818,640,470,685,265,229,898,838,778,12,110,881,449,746,810,666,486,686,254,601]
621 1.33 [81,79,3,80,65,37] [554,335,794,321,919,129,596,572,601] [500,269,418,431,487,241,702,987,35,19,654] []
622 0.88 [27,99,4,65,75,91,95,46,71] [634,990,79,748,573,901,533] [] []
623 1.0 [89,50,56,10,93] [154,863,950,402,764,150,363,389,392] [] []
624 0.92 [25,14,86,54,88] [610,65,335,118] [] []
625 0.83 [47,67,40,31,50,8,21,23] [963,37,543,182,84] [] []
626 1.0 [46,14,54,67,49,87,39,84,74,7] [] [] [658,448,633,477,556,974,308,459,326,91,626,377,40,859,546,620,829,780,194,382,872,509,668,340,466,817,745,52]
627 1.0 [98,16,54,74,71,44,31,32,67,0] [692,517,244,803,147,483,238,647,300] [18,306,653,327,476,875,340] []
628 1.25 [0,12,20,83,87] [684,215,790,564,518,984] [] []
629 0.77 [14,65,16,30,13,35,10,38] [838,562,332,260,12,960,174,657] [] []
630 1.22 [49,83,75,14,37,73,20] [] [] []
631 1.12 [82,95,58,25,49,85,59,28,69] [] [] []
632 0.93 [11,84,32,80,81,55,3,14] [211,653,249,257,227,353,508,488,817] [] [221,632,49,571,370,665,254,78,435,876,892,375,505,544,51]
633 0.95 [72,69,41,6,49] [] [] [658,448,633,477,556,974,308,459,326,91,626,377,40,859,546,620,829,780,194,382,872,509,668,340,466,817,745,52]
634 1.02 [86,53,65,64,49,58] [972,665,954,264,453] [] []
635 0.86 [87,75,84,42,93,15] [845,921,657,424,953,530,20,75,251] [] [635,146,95,504,769,754,239,920,32,451,778,144,441,128,417,64,2,243,237,793,88,841,667,453,221,987,821,852,385,593,283,738,430,19,167,282,919,702,279,998]
636 0.94 [91,47,35,85,0,45,9] [50,717,760,912,831,131,417,400,882] [] [646,236,197,913,353,843,632,836,883,483,968,616,44,701,148,102,640,638,13,636,138,690,715,68,696,232]
637 0.93 [27,30,23,31,43,24,33] [704,600,933,958,147] [] []
638 0.82 [68,12,8,76,94,28,11] [] [] [646,236,197,913,353,843,632,836,883,483,968,616,44,701,148,102,640,638,13,636,138,690,715,68,696,232]
639 0.9 [46,98,95,30,86,51,48,34,71,7] [] [371,508,899,658,320] []
640 1.19 [32,70,16,22,72,97,92,76,59] [] [] [563,343,529,910,956,620,219,38,632,613,786,678,2,201,874,100,818,640,470,685,265,229,898,838,778,12,110,881,449,746,810,666,486,686,254,601]
641 1.05 [18,20,1,39,22,13,10] [] [] []
642 0.98 [57,8,83,17,30,77,81,44,84,48] [] [] []
643 0.8 [30,6,54,64,83] [776,391,240,266,208,349] [] []
644 0.97 [18,45,21,41,7,40,60] [305,961,839,529,993,374,198] [885,916,451,601,418,94,940,852,383,321,304] []
645 1.17 [19,49,2,29,78,76,27,21] [379,735,941,552,256] [] []
646 0.93 [67,74,30,42,33,23] [618,368,884,606] [518,302,173,271,997,618,956,220,14,287] [646,236,197,913,353,843,632,836,883,483,968,616,44,701,148,102,640,638,13,636,138,690,715,68,696,232]
647 1.0 [81,26,11,51,25] [692,517,627,244,803,147,483,238,300] [] []
648 0.92 [37,34,92,74,69] [825,765,207,597] [429,848,298,537,961,904,50,287,394,41] []
649 0.87 [60,4,97,9,66,20,91,77,24] [959,537,590,64,364,84,999,401] [] []
650 1.0 [43,42,26,92,38] [961,869,193,627,210,262] [] []
651 1.0 [6,16,3,46,51,76,50,86,91,7] [] [812,457,582,28] []
652 0.88 [90,17,55,64,24,82,68,56] [430,774,279,533,477,831] [] []
653 0.96 [19,79,93,67,44,13,70,78] [632,211,249,257,227,353,508,488,817] [627,18,306,327,476,875,340] []
654 0.98 [11,14,97,51,66,76,4,6,67] [] [500,269,418,431,487,241,702,621,987,35,19] []
655 0.94 [75,88,68,85,97,59,74] [734,466,109,222,44,405,497,930,920] [20,503,534,207,109] []
656 0.96 [4,52,16,77,71] [910,531,472,979,781,595,265,421,338] [] []
657 2.01 [96,35,18,83,94,81,82,2,57,58] [845,921,424,953,530,635,20,75,251] [] []
658 1.0 [42,2,6,53,61,35,7,75] [744,745,176,62,977,459,76] [371,508,899,639,320] [658,448,633,477,556,974,308,459,326,91,626,377,40,859,546,620,829,780,194,382,872,509,668,340,466,817,745,52]
659 0.71 [9,14,76,54,12,13,45,78] [248,54,877,974,594,796,21,618,524] [] []
660 0.8 [95,19,6,50,32,91] [] [323,455,995,923,417,193,240,827,502,998,161] []
661 0.66 [68,96,60,99,0,69] [336,928,844,87,475,5,708] [] []
662 0.93 [39,98,91,65,2,36,8,53,56] [261,947,581,734,231] [] []
663 1.02 [25,82,61,27,76] [729,781,612,416,981,136] [] []
664 0.98 [76,18,14,57,8,85,12,37,98,68] [645,610,79,138,104,333] [] []
665 0.89 [26,53,83,73,76,95,87,75] [972,954,264,634,453] [] [221,632,49,571,370,665,254,78,435,876,892,375,505,544,51]
666 0.97 [41,77,85,13,81,64,60,53,40,48] [821,436,168,123] [789,940,7,682,991] [563,343,529,910,956,620,219,38,632,613,786,678,2,201,874,100,818,640,470,685,265,229,898,838,778,12,110,881,449,746,810,666,486,686,254,601]
667 0.87 [13,7,76,10,91] [839,287,567,948,846,561,357,86,30] [] [635,146,95,504,769,754,239,920,32,451,778,144,441,128,417,64,2,243,237,793,88,841,667,453,221,987,821,852,385,593,283,738,430,19,167,282,919,702,279,998]
668 0.95 [62,40,21,12,25,29] [] [] [658,448,633,477,556,974,308,459,326,91,626,377,40,859,546,620,829,780,194,382,872,509,668,340,466,817,745,52]
669 0.89 [99,49,89,3,7,69,39] [607,340,5,477,659,623,283,300] [] []
670 0.89 [64,89,84,10,94,69,79,47,60,14] [] [] []
671 0.9 [54,23,83,60,50] [] [217,303,585,678,842,279,616] []
672 0.93 [23,78,50,32,29,97,37,91,12] [] [] []
673 0.95 [21,28,65,15,18,76] [] [] []
674 1.33 [98,9,39,15,8,25,41,96,81,6] [318,797,810,498,935] [] []
675 1.01 [0,13,56,76,33,41,99] [681,415,699,684,358,390,380,558] [] []
676 0.92 [79,16,28,75,29,41,98,14,35,13] [] [] []
677 0.93 [50,21,86,80,35,27,55,79,4,60] [] [] [770,535,980,735,913,329,646,884,199,119,677,992,304,636,263,42,496,711,288,740,67,872,959,614,406,356,684,293,253,995,279,514,638,665,24,909,324,576,852,929]
678 0.96 [2,22,23,9,54,29,83] [] [671,217,303,585,842,279,616] [563,343,529,910,956,620,219,38,632,613,786,678,2,201,874,100,818,640,470,685,265,229,898,838,778,12,110,881,449,746,810,666,486,686,254,601]
679 0.95 [53,19,87,32,46,71,17,52,43] [] [] []
680 0.96 [57,66,11,1,64,26,83,7,35,42] [] [] []
681 0.81 [54,13,43,59,65,81] [415,699,684,358,675,390,380,558] [] []
682 0.93 [41,70,54,21,52,26,7,38,58] [930,387,244,465,681,355,700] [666,789,940,7,991] []
683 0.94 [51,32,79,36,47,83,4,94,18,62] [] [] []
684 0.87 [69,25,58,0,62] [681,415,699,358,675,390,380,558] [] [770,535,980,735,913,329,646,884,199,119,677,992,304,636,263,42,496,711,288,740,67,872,959,614,406,356,684,293,253,995,279,514,638,665,24,909,324,576,852,929]
685 0.96 [72,31,90,64,23,16] [] [] [563,343,529,910,956,620,219,38,632,613,786,678,2,201,874,100,818,640,470,685,265,229,898,838,778,12,110,881,449,746,810,666,486,686,254,601]
686 0.78 [46,39,61,8,20,86,91,57] [] [] [563,343,529,910,956,620,219,38,632,613,786,678,2,201,874,100,818,640,470,685,265,229,898,838,778,12,110,881,449,746,810,666,486,686,254,601]
687 0.9 [36,67,95,50,28,53,76,86,87] [] [] []
688 0.85 [85,71,30,82,62,20,76] [357,88,712,995,144,161,941,162] [] []
689 0.8 [97,80,16,15,48,26,91] [615,175,541,409,107,392,819] [743,782,284,525,505] [453,395,477,300,974,149,814,766,689,658,714,361,83,955,4,137,970,350,889,825,600,323,612,43,950,181,619,172,326,359,690,184,815,788,640,959,29,240]
690 1.97 [19,82,5,95,48,6] [816,441,665,503] [] [646,236,197,913,353,843,632,836,883,483,968,616,44,701,148,102,640,638,13,636,138,690,715,68,696,232]
691 1.96 [15,68,75,36,6,53] [492,104,913,288] [] []
692 1.95 [44,56,6,33,59,5,34,93] [517,627,244,803,147,483,238,647,300] [949,222,948,97,534,321,252] [379,452,810,479,809,692,461,437,972,556,113,438,977,343,595]
693 2.04 [35,12,14,18,87,50,4,56,21,66] [230,168,165,277,327,911,940,548] [] []
694 1.85 [42,75,12,68,7,28] [] [] []
695 1.93 [89,75,39,58,15,85,21,25,32] [145,329,348,527,256,61,702] [] []
696 1.85 [73,12,0,56,24,23,2,98,1,54] [546,354,135,833,102,165,777,219,278] [] [646,236,197,913,353,843,632,836,883,483,968,616,44,701,148,102,640,638,13,636,138,690,715,68,696,232]
697 2.0 [60,12,50,29,94,89,72,26,27] [526,954,846,750,675] [456,94,373,800,22,493] []
698 1.91 [73,46,25,94,55,66,72,22] [] [] []
699 1.87 [33,89,71,56,13] [681,415,684,358,675,390,380,558] [831,259,98,610,466,764,193,167] [11,532,398,974,476,596,270,537,403,97,176,782,460,271,170,370,578,551,423,971,137,378,388,86,479,411,699,503,432,228,337,935]
700 1.82 [25,38,22,12,60,56,53,76] [930,387,244,465,682,681,355] [] []
701 1.83 [91,26,28,44,89,29,51,67,42,65] [] [] [646,236,197,913,353,843,632,836,883,483,968,616,44,701,148,102,640,638,13,636,138,690,715,68,696,232]
702 1.93 [25,2,72,60,27,87,29,62] [145,695,329,348,527,256,61] [500,269,418,431,487,241,621,987,35,19,654] [635,146,95,504,769,754,239,920,32,451,778,144,441,128,417,64,2,243,237,793,88,841,667,453,221,987,821,852,385,593,283,738,430,19,167,282,919,702,279,998]
703 1.96 [80,59,92,34,32,56] [] [] []
704 1.89 [48,96,83,27,59,30,81,95] [600,933,637,958,147] [] []
705 1.95 [72,25,41,38,78,92,7,30] [880,308,750,576,333,610,283,196] [] [777,580,636,537,64,705,312,997,586,760,234,743,719,182,154,872,251,323,557,458,286,329]
706 2.04 [65,50,41,25,82,59,24,99,88] [374,579,547,518,819,986,727] [] []
707 1.89 [29,87,81,18,23] [224,299,16,551,185,448,734] [] []
708 1.84 [12,44,73,49,82] [336,928,661,844,87,475,5] [] []
709 1.85 [62,20,59,10,25] [] [] []
710 2.03 [36,95,44,56,46,7,32] [951,305,212,503,556,220] [] []
711 1.83 [47,86,99,21,91,5] [] [753,535,845,402] [770,535,980,735,913,329,646,884,199,119,677,992,304,636,263,42,496,711,288,740,67,872,959,614,406,356,684,293,253,995,279,514,638,665,24,909,324,576,852,929]
712 1.72 [92,9,32,5,38,48,28,23,1] [542,313,399,156,559,74,81,900] [] []
713 2.03 [14,56,29,4,86,94,90,74] [] [] []
714 1.98 [33,14,20,98,22,91,59,85,48,51] [489,472,412,561,583] [] [453,395,477,300,974,149,814,766,689,658,714,361,83,955,4,137,970,350,889,825,600,323,612,43,950,181,619,172,326,359,690,184,815,788,640,959,29,240]
715 1.8 [9,30,40,36,52,82,41,92,64] [380,996,477,92,372] [] [646,236,197,913,353,843,632,836,883,483,968,616,44,701,148,102,640,638,13,636,138,690,715,68,696,232]
716 1.93 [19,85,93,87,8,68] [] [] []
717 1.95 [14,41,51,35,60] [50,760,912,831,131,417,636,400,882] [] []
718 1.83 [21,96,2,13,7,48,0,76] [] [] []
719 1.58 [41,7,43,22,29,4,42,69,99] [287,404,961,773] [] [777,580,636,537,64,705,312,997,586,760,234,743,719,182,154,872,251,323,557,458,286,329]
720 1.61 [63,91,3,89,82,17,60,5,39,34] [] [] []
721 1.68 [2,59,33,12,85,16] [489,936,334,78,565,230,380] [] []
722 1.82 [98,53,80,60,21] [609,522,27,893,18] [] []
723 0.96 [87,24,49,94,17,99,48,62,29,89] [] [] []
724 0.93 [34,66,65,16,49] [] [] []
725 1.0 [15,91,92,99,2] [358,445,94,655,1,361,228] [] []
726 0.95 [40,38,61,6,81,11,3,83] [] [] []
727 1.14 [25,42,41,20,84,95,48] [706,374,579,547,518,819,986] [] []
728 1.0 [10,14,65,91,5,94,7,37,26] [] [] []
729 1.0 [99,21,24,32,13,61,45,58,39] [781,663,612,416,981,136] [] []
730 0.97 [26,80,45,48,8] [] [] []
731 0.91 [15,88,55,91,86,71,94,20,1,41] [609,896,924,62,345] [47,866,417,57,376,332,349,982] []
732 0.87 [48,14,79,5,57,37,73,64] [] [] []
733 0.96 [84,90,32,50,98,87,47,20,15,33] [993,611,515,570,120,305,35,384,689] [] []
734 1.11 [14,25,44,35,52,96] [466,109,655,222,44,405,497,930,920] [] []
735 0.82 [23,69,81,96,61,87,95,57,43] [379,645,941,552,256] [] [770,535,980,735,913,329,646,884,199,119,677,992,304,636,263,42,496,711,288,740,67,872,959,614,406,356,684,293,253,995,279,514,638,665,24,909,324,576,852,929]
736 0.94 [32,33,76,86,12,61,26,6,87,22] [896,741,334,311,564] [] []
737 0.92 [38,21,46,7,16] [] [] []
738 0.91 [10,37,64,34,42,82,76,2] [819,262,112,562,889] [113,469,841,968,989,465,653,854,442,421,219] [635,146,95,504,769,754,239,920,32,451,778,144,441,128,417,64,2,243,237,793,88,841,667,453,221,987,821,852,385,593,283,738,430,19,167,282,919,702,279,998]
739 0.96 [59,20,5,91,86,71,2,61] [] [] []
740 0.96 [41,23,36,37,0,59] [] [] [770,535,980,735,913,329,646,884,199,119,677,992,304,636,263,42,496,711,288,740,67,872,959,614,406,356,684,293,253,995,279,514,638,665,24,909,324,576,852,929]
741 0.99 [31,81,60,92,87,35,21,36,82,12] [896,736,334,311,564] [108,119,316,806,106,998,32,832] []
742 0.94 [88,67,66,28,56,92,74,72,62] [] [] []
743 0.96 [32,23,5,60,29,91,20,16] [] [782,284,689,525,505] [777,580,636,537,64,705,312,997,586,760,234,743,719,182,154,872,251,323,557,458,286,329]
744 0.88 [68,96,60,22,97,14,26] [745,658,176,62,977,459,76] [] []
745 1.0 [57,66,55,39,25] [744,658,176,62,977,459,76] [] [658,448,633,477,556,974,308,459,326,91,626,377,40,859,546,620,829,780,194,382,872,509,668,340,466,817,745,52]
746 0.95 [63,81,61,1,26,43,19,98] [] [] [563,343,529,910,956,620,219,38,632,613,786,678,2,201,874,100,818,640,470,685,265,229,898,838,778,12,110,881,449,746,810,666,486,686,254,601]
747 0.9 [2,68,60,99,62,45,50,73] [] [] []
748 0.99 [46,49,67,77,57,23] [622,634,990,79,573,901,533] [] []
749 1.0 [74,2,75,56,67,98,20] [850,607,174,479,579,148,620,862,485] [] []
750 2.0 [1,27,42,72,14,0,9] [697,526,954,846,675] [] []
751 0.95 [2,35,83,66,62,46,94,76,18] [] [] []
752 0.86 [6,48,50,57,16,15,8,59] [] [] []
753 0.92 [4,82,90,89,47,74,88,12,29] [2,345,358,305,172] [535,845,402,711] []
754 0.87 [52,95,46,11,17,41,37,16,15,24] [] [] [635,146,95,504,769,754,239,920,32,451,778,144,441,128,417,64,2,243,237,793,88,841,667,453,221,987,821,852,385,593,283,738,430,19,167,282,919,702,279,998]
755 1.02 [32,86,65,44,7,60,29] [504,991,788,778,562,169,531,43,984] [] []
756 0.89 [37,53,40,52,71,66,49,36,85,10] [13,972,548,975,243] [] []
757 1.0 [73,19,25,83,74,37,75,48] [] [] []
758 0.99 [32,7,40,76,58] [] [] []
759 1.0 [9,64,21,47,40,10] [] [] []
760 1.12 [55,42,78,45,50,13,99,80,72,35] [50,717,912,831,131,417,636,400,882] [] [777,580,636,537,64,705,312,997,586,760,234,743,719,182,154,872,251,323,557,458,286,329]
761 1.09 [31,10,67,11,33,14] [786,299,763,695] [782,334,371,429,464,284,807] []
762 0.71 [31,1,94,24,80,18,23] [] [] []
763 0.8 [40,87,65,93,82,30,0,70,58,3] [761,786,299,695] [] []
764 0.96 [15,24,77,1,50,48] [154,863,950,402,623,150,363,389,392] [831,699,259,98,610,466,193,167] []
765 0.84 [24,90,17,38,68,22,50,94,47,29] [825,648,207,597] [] []
766 0.93 [38,44,53,62,93,77,49,67,2,39] [] [] [453,395,477,300,974,149,814,766,689,658,714,361,83,955,4,137,970,350,889,825,600,323,612,43,950,181,619,172,326,359,690,184,815,788,640,959,29,240]
767 1.0 [52,28,62,33,9,24,13,93] [322,467,147,89,182] [] []
768 0.86 [74,39,66,31,33] [] [] []
769 0.92 [58,36,0,64,93] [210,382,823,167,602,533,231] [] [635,146,95,504,769,754,239,920,32,451,778,144,441,128,417,64,2,243,237,793,88,841,667,453,221,987,821,852,385,593,283,738,430,19,167,282,919,702,279,998]
770 1.02 [27,38,49,70,24,58,32,8,77,30] [] [] [770,535,980,735,913,329,646,884,199,119,677,992,304,636,263,42,496,711,288,740,67,872,959,614,406,356,684,293,253,995,279,514,638,665,24,909,324,576,852,929]
771 0.94 [11,30,36,47,32,88,83,55,1,52] [314,453,805,8,932,955,224] [] []
772 1.09 [40,66,90,1,41,95] [] [] []
773 1.0 [8,71,15,75,41,46,35,44,58,50] [287,404,719,961] [] []
774 2.0 [51,83,66,63,26,59,89,99,90,45] [652,430,279,533,477,831] [] []
775 0.93 [44,16,53,91,45,95,92,39] [] [] []
776 1.11 [94,96,2,39,76,50,24,67] [391,240,643,266,208,349] [] []
777 0.88 [57,13,97,79,48,31,64] [546,354,135,833,696,102,165,219,278] [] [777,580,636,537,64,705,312,997,586,760,234,743,719,182,154,872,251,323,557,458,286,329]
778 0.9 [14,46,5,10,25] [504,991,788,755,562,169,531,43,984] [] [635,146,95,504,769,754,239,920,32,451,778,144,441,128,417,64,2,243,237,793,88,841,667,453,221,987,821,852,385,593,283,738,430,19,167,282,919,702,279,998]
779 0.85 [66,87,68,0,27,52] [] [] []
780 0.71 [54,74,62,97,96] [] [] [658,448,633,477,556,974,308,459,326,91,626,377,40,859,546,620,829,780,194,382,872,509,668,340,466,817,745,52]
781 0.76 [99,9,33,91,4,17,38,29] [729,663,612,416,981,136] [] []
782 0.98 [89,97,80,17,64,67] [] [743,284,689,525,505] [11,532,398,974,476,596,270,537,403,97,176,782,460,271,170,370,578,551,423,971,137,378,388,86,479,411,699,503,432,228,337,935]
783 0.97 [91,94,52,15,61,11,7] [] [] []
784 1.0 [78,21,25,45,9,60,75,94,24] [978,465,933,114,220] [] []
785 0.87 [40,83,82,1,64] [566,186,427,94,927,118,178] [] []
786 1.0 [1,90,42,86,72] [761,299,763,695] [] [563,343,529,910,956,620,219,38,632,613,786,678,2,201,874,100,818,640,470,685,265,229,898,838,778,12,110,881,449,746,810,666,486,686,254,601]
787 0.97 [85,34,0,69,67] [962,993,618,714,706,916,947,548,476] [] []
788 0.86 [70,32,5,81,46,92,24,88] [504,991,755,778,562,169,531,43,984] [] [453,395,477,300,974,149,814,766,689,658,714,361,83,955,4,137,970,350,889,825,600,323,612,43,950,181,619,172,326,359,690,184,815,788,640,959,29,240]
789 0.87 [6,96,97,11,24,83,29,92] [] [666,940,7,682,991] []
790 0.93 [91,22,73,16,21,50,87,96,53,51] [80,285,232,434,856,712,199] [] []
791 1.0 [3,8,21,29,58,63] [] [] []
792 1.11 [33,92,38,1,19] [] [] []
793 0.87 [13,84,38,74,56,28,43,36,81,57] [872,984,319,68,632] [945,191,551,422,508,878,201,181] [635,146,95,504,769,754,239,920,32,451,778,144,441,128,417,64,2,243,237,793,88,841,667,453,221,987,821,852,385,593,283,738,430,19,167,282,919,702,279,998]
794 0.96 [46,18,27,94,50] [554,335,321,621,919,129,596,572,601] [] []
795 1.34 [97,24,3,44,56,61,32] [] [] []
796 0.96 [88,33,31,47,90,40,35,93,45] [248,54,877,974,659,594,21,618,524] [] []
797 0.91 [60,25,90,64,36,15,16,51,77,32] [318,810,498,935,674] [] []
798 0.89 [60,84,52,97,74,78,83,82] [] [] []
799 0.87 [59,74,83,52,11,47] [] [481,62,42,306,342,891,363,24] []
800 0.92 [41,30,68,25,90,49,78,69,80] [] [456,94,373,22,697,493] []
801 1.27 [18,25,5,10,29,33,50,70] [] [] []
802 0.8 [79,56,8,80,45,43,77] [] [] []
803 0.89 [88,99,19,97,15,11,25,65,68] [692,517,627,244,147,483,238,647,300] [] []
804 0.88 [78,84,61,20,6,86] [] [327,893,533,173,12,639] []
805 0.9 [27,47,65,53,73,22,63,92] [314,453,771,8,932,955,224] [] []
806 1.0 [6,91,99,45,33,2,15,59,92,39] [] [108,119,316,741,106,998,32,832] []
807 0.95 [97,2,17,31,76,72,14,61,82] [185,879,220,877,837,350,26] [782,334,761,371,429,464,284] []
808 0.85 [65,6,44,64,78,16,11,17] [] [863,525,587,954,731,210,855] []
809 1.0 [29,41,68,72,11] [] [] [379,452,810,479,809,692,461,437,972,556,113,438,977,343,595]
810 1.0 [46,82,92,71,38,10,8,81] [318,797,498,935,674] [] [379,452,810,479,809,692,461,437,972,556,113,438,977,343,595]
811 0.79 [29,2,92,23,59] [] [] []
812 0.91 [29,87,49,53,31] [78,6,511,509,383,704] [457,651,582,28] []
813 0.91 [1,76,91,13,99,90] [816,738,408,565,397,270,895,58] [] []
814 0.72 [59,50,47,60,20,24,21,54,31,40] [] [] [453,395,477,300,974,149,814,766,689,658,714,361,83,955,4,137,970,350,889,825,600,323,612,43,950,181,619,172,326,359,690,184,815,788,640,959,29,240]
815 0.99 [83,0,3,56,54,36,74,8,47,16] [522,872,896,322,151,616,76] [] [453,395,477,300,974,149,814,766,689,658,714,361,83,955,4,137,970,350,889,825,600,323,612,43,950,181,619,172,326,359,690,184,815,788,640,959,29,240]
816 0.91 [68,56,51,13,85,44,92] [441,665,690,503] [] []
817 1.04 [33,51,18,46,49] [632,211,653,249,257,227,353,508,488] [] [658,448,633,477,556,974,308,459,326,91,626,377,40,859,546,620,829,780,194,382,872,509,668,340,466,817,745,52]
818 0.86 [6,13,44,87,72,98,28] [] [] [563,343,529,910,956,620,219,38,632,613,786,678,2,201,874,100,818,640,470,685,265,229,898,838,778,12,110,881,449,746,810,666,486,686,254,601]
819 0.91 [27,34,26,97,1,13,52,65,68,5] [262,738,112,562,889] [] []
820 0.93 [76,41,22,34,23] [] [] []
821 0.9 [82,11,7,3,31,81,30,27,75,53] [666,436,168,123] [] [635,146,95,504,769,754,239,920,32,451,778,144,441,128,417,64,2,243,237,793,88,841,667,453,221,987,821,852,385,593,283,738,430,19,167,282,919,702,279,998]
822 1.0 [80,28,27,84,74,59,0] [] [] []
823 1.35 [13,6,35,55,32,88,87] [769,210,382,167,602,533,231] [] []
824 1.15 [34,41,81,48,69,3,16] [] [] []
825 0.71 [41,18,58,73,65] [765,648,207,597] [] [453,395,477,300,974,149,814,766,689,658,714,361,83,955,4,137,970,350,889,825,600,323,612,43,950,181,619,172,326,359,690,184,815,788,640,959,29,240]
826 0.87 [47,94,91,86,10,44,5,87] [] [] []
827 0.75 [85,25,53,71,10,91,11,79,55,98] [] [323,455,995,923,660,417,193,240,502,998,161] []
828 1.16 [60,72,22,34,81] [] [] []
829 0.89 [40,16,70,81,34,86] [205,721,615,933,944] [] [658,448,633,477,556,974,308,459,326,91,626,377,40,859,546,620,829,780,194,382,872,509,668,340,466,817,745,52]
830 1.06 [57,54,71,6,98,32,0] [] [] []
831 0.96 [28,0,74,73,10,49,91,46,55,79] [652,430,774,279,533,477] [699,259,98,610,466,764,193,167] []
832 0.9 [92,15,48,84,47,31,97,41] [] [108,119,316,741,806,106,998,32] []
833 0.76 [32,94,38,96,31] [546,354,135,696,102,165,777,219,278] [] []
834 0.8 [52,79,77,97,90,68] [] [288,743,515,305,323,543,234,235,291] []
835 0.98 [46,61,19,13,98,34,51] [] [] []
836 0.94 [40,70,77,35,37,59,4,46,99] [] [] [646,236,197,913,353,843,632,836,883,483,968,616,44,701,148,102,640,638,13,636,138,690,715,68,696,232]
837 1.0 [66,48,19,68,0] [185,879,220,877,350,807,26] [] []
838 0.87 [19,30,97,13,73,29] [562,332,629,260,12,960,174,657] [] [563,343,529,910,956,620,219,38,632,613,786,678,2,201,874,100,818,640,470,685,265,229,898,838,778,12,110,881,449,746,810,666,486,686,254,601]
839 1.0 [51,84,7,29,45] [287,567,948,846,561,357,86,667,30] [] []
840 0.94 [10,19,32,40,68,0,82,93,58] [] [] []
841 0.77 [77,32,75,41,49] [] [113,469,968,738,989,465,653,854,442,421,219] [635,146,95,504,769,754,239,920,32,451,778,144,441,128,417,64,2,243,237,793,88,841,667,453,221,987,821,852,385,593,283,738,430,19,167,282,919,702,279,998]
842 0.96 [20,2,69,73,40,3,0,47,89,55] [] [574,6,897,398,413,197,157] []
843 0.88 [48,46,81,85,99,61,15,89,50,9] [] [] [646,236,197,913,353,843,632,836,883,483,968,616,44,701,148,102,640,638,13,636,138,690,715,68,696,232]
844 0.99 [95,35,3,36,18,38,81,73,96,24] [336,928,661,87,475,5,708] [] []
845 0.97 [37,14,6,7,94,9,50,78,97] [921,657,424,953,530,635,20,75,251] [753,535,402,711] []
846 0.96 [16,89,30,62,47] [839,287,567,948,561,357,86,667,30] [] []
847 0.8 [0,75,43,10,26] [247,68,123,844,42,221,725,135,896] [] []
848 0.94 [78,7,98,5,15,2,54,31,95] [] [429,648,298,537,961,904,50,287,394,41] []
849 0.85 [48,73,91,71,37,57] [] [] []
850 1.01 [87,95,35,82,55,6,9,72,48] [695,519,246,236,126] [] []
851 0.93 [51,59,49,91,7,38,0,43,53] [] [] []
852 1.03 [18,81,11,19,61,77] [] [885,644,916,451,601,418,94,940,383,321,304] [635,146,95,504,769,754,239,920,32,451,778,144,441,128,417,64,2,243,237,793,88,841,667,453,221,987,821,852,385,593,283,738,430,19,167,282,919,702,279,998]
853 1.02 [30,11,10,25,53,83,28,82,52,62] [] [] []
854 0.91 [41,94,18,32,45,34,29,16] [357,35,786,492,653,537,412,12,409] [113,469,841,968,738,989,465,653,442,421,219] []
855 0.94 [78,23,6,3,79,98,73,27] [] [863,525,808,587,954,731,210] []
856 0.97 [62,49,33,18,93,17,89] [80,285,232,434,712,199,790] [] []
857 1.0 [35,67,92,2,52] [] [] []
858 0.9 [85,98,68,49,84,47,35,52] [75,198,712,59,10,900,19] [] []
859 0.93 [16,97,63,96,51,22,20,87,80,95] [] [] [658,448,633,477,556,974,308,459,326,91,626,377,40,859,546,620,829,780,194,382,872,509,668,340,466,817,745,52]
860 1.0 [91,31,0,71,4,79,28,49] [] [] []
861 0.91 [11,64,26,96,21,80,77,98,56,94] [] [] []
862 0.93 [48,94,97,59,10,25,62,67] [850,749,607,174,479,579,148,620,485] [] []
863 0.88 [31,35,94,81,87,96,68,99,52,29] [154,950,402,623,764,150,363,389,392] [525,808,587,954,731,210,855] []
864 0.89 [22,50,15,63,85,80] [] [] []
865 0.94 [50,84,95,37,9,61,49,54,28,98] [] [] []
866 0.86 [21,50,48,91,27,71,16,69,34] [] [731,47,417,57,376,332,349,982] []
867 0.72 [44,6,58,81,82,62,16,70] [] [] []
868 1.0 [79,44,7,38,84,55,6] [575,83,796,996,690,76,544] [] []
869 1.0 [22,14,7,81,61] [961,193,650,627,210,262] [] []
870 0.87 [4,94,12,64,56,99] [] [] []
871 0.94 [60,14,85,63,22,10,80,89,62,99] [845,253,54,301,554,327] [] []
872 1.16 [96,75,12,58,65] [522,815,896,322,151,616,76] [] [658,448,633,477,556,974,308,459,326,91,626,377,40,859,546,620,829,780,194,382,872,509,668,340,466,817,745,52]
873 0.84 [3,17,10,69,94,1] [] [] []
874 0.96 [44,31,71,21,42,30,7,73,28,14] [347,909,21,26,666,499] [] [563,343,529,910,956,620,219,38,632,613,786,678,2,201,874,100,818,640,470,685,265,229,898,838,778,12,110,881,449,746,810,666,486,686,254,601]
875 1.01 [99,29,21,22,34,47,77,73] [95,662,463,341,79,905,250,281,167] [627,18,306,653,327,476,340] []
876 0.9 [78,20,40,14,0,92,37,70] [] [] [221,632,49,571,370,665,254,78,435,876,892,375,505,544,51]
877 0.66 [31,29,75,34,33,61,39,26,92] [248,54,974,659,594,796,21,618,524] [] []
878 0.92 [38,25,87,98,23,70,49] [] [945,191,551,422,793,508,201,181] []
879 0.95 [33,11,94,99,31,91,73] [632,579,829,173,884,593,71] [] []
880 0.97 [32,10,0,15,23,53] [705,308,750,576,333,610,283,196] [] []
881 0.89 [29,81,8,92,96,50,54,20,88] [] [] [563,343,529,910,956,620,219,38,632,613,786,678,2,201,874,100,818,640,470,685,265,229,898,838,778,12,110,881,449,746,810,666,486,686,254,601]
882 0.9 [39,3,48,22,27,55,58] [50,717,760,912,831,131,417,636,400] [] []
883 0.97 [22,75,27,43,95,82,93,65] [] [] [646,236,197,913,353,843,632,836,883,483,968,616,44,701,148,102,640,638,13,636,138,690,715,68,696,232]
884 0.66 [82,50,52,7,8,92] [618,368,606,646] [] [770,535,980,735,913,329,646,884,199,119,677,992,304,636,263,42,496,711,288,740,67,872,959,614,406,356,684,293,253,995,279,514,638,665,24,909,324,576,852,929]
885 1.0 [29,45,65,6,32,62,12,20,39,24] [] [644,916,451,601,418,94,940,852,383,321,304] []
886 1.06 [74,35,75,29,45,7,5,16,27] [386,692,803,284] [] []
887 1.02 [15,72,47,24,59,79,53,16,22] [] [] []
888 0.93 [93,41,53,31,56,32,22,81,94,91] [] [] []
889 0.78 [90,80,82,31,86,3,83,48,42] [819,262,738,112,562] [] [453,395,477,300,974,149,814,766,689,658,714,361,83,955,4,137,970,350,889,825,600,323,612,43,950,181,619,172,326,359,690,184,815,788,640,959,29,240]
890 0.89 [62,20,73,18,80,43,99,9,19] [] [] []
891 1.0 [29,31,95,77,98,7,48,53,3] [] [481,799,62,42,306,342,363,24] []
892 0.91 [12,14,9,98,57] [] [] [221,632,49,571,370,665,254,78,435,876,892,375,505,544,51]
893 0.92 [17,81,31,63,50,27,53,43,38] [609,522,27,18,722] [327,533,804,173,12,639] []
894 1.05 [10,98,15,5,93,35,68] [] [89,452,445,577,140] []
895 0.92 [59,27,43,81,38,74,28,51] [423,418,501,65,356,653,164,143] [] []
896 1.0 [65,27,15,53,4,24,96] [609,924,62,345,731] [] []
897 1.23 [40,54,4,95,86,15,88,79] [] [574,6,842,398,413,197,157] []
898 1.0 [17,25,83,55,38,35] [] [] [563,343,529,910,956,620,219,38,632,613,786,678,2,201,874,100,818,640,470,685,265,229,898,838,778,12,110,881,449,746,810,666,486,686,254,601]
899 0.9 [84,27,20,59,98,70,68] [] [371,508,658,639,320] []
900 0.9 [16,78,26,73,14,64,56,41] [542,313,399,156,559,712,74,81] [] []
901 1.17 [25,97,5,51,38,24,40,17,98] [622,634,990,79,748,573,533] [] []
902 0.95 [96,32,51,30,57,42,75,79] [] [] []
903 0.94 [1,43,97,53,44,63,37,90,15] [] [] []
904 0.9 [70,17,55,78,5] [] [429,648,848,298,537,961,50,287,394,41] []
905 0.92 [70,72,3,57,60,55,42,23,18,64] [95,662,875,463,341,79,250,281,167] [] []
906 0.88 [86,15,57,62,97,94,37] [532,48,378,412] [] []
907 1.01 [94,13,60,7,8] [] [] []
908 1.06 [28,73,32,38,21,36] [] [] []
909 0.97 [93,71,18,45,97,70,54] [101,598,972,817] [] [770,535,980,735,913,329,646,884,199,119,677,992,304,636,263,42,496,711,288,740,67,872,959,614,406,356,684,293,253,995,279,514,638,665,24,909,324,576,852,929]
910 1.02 [21,96,17,28,97,6,13] [656,531,472,979,781,595,265,421,338] [] [563,343,529,910,956,620,219,38,632,613,786,678,2,201,874,100,818,640,470,685,265,229,898,838,778,12,110,881,449,746,810,666,486,686,254,601]
911 0.75 [36,76,11,60,56,49,55] [230,168,693,165,277,327,940,548] [] []
912 0.74 [30,11,10,17,23] [50,717,760,831,131,417,636,400,882] [] []
913 0.91 [91,21,98,70,94,80,85,68] [492,104,288,691] [] [646,236,197,913,353,843,632,836,883,483,968,616,44,701,148,102,640,638,13,636,138,690,715,68,696,232]
914 0.91 [92,30,8,64,24,4,6,80,72] [] [] []
915 0.9 [34,37,59,88,15,14] [] [] []
916 0.76 [12,82,58,44,81] [962,993,618,714,706,787,947,548,476] [885,644,451,601,418,94,940,852,383,321,304] []
917 0.92 [96,94,95,97,60,53] [] [] []
918 0.84 [25,83,20,55,26,46] [] [] []
919 0.98 [16,25,49,66,26,70] [554,335,794,321,621,129,596,572,601] [] [635,146,95,504,769,754,239,920,32,451,778,144,441,128,417,64,2,243,237,793,88,841,667,453,221,987,821,852,385,593,283,738,430,19,167,282,919,702,279,998]
920 0.96 [66,37,74,23,64,58,17,86,60,62] [734,466,109,655,222,44,405,497,930] [] [635,146,95,504,769,754,239,920,32,451,778,144,441,128,417,64,2,243,237,793,88,841,667,453,221,987,821,852,385,593,283,738,430,19,167,282,919,702,279,998]
921 1.0 [51,71,45,80,1] [845,657,424,953,530,635,20,75,251] [] []
922 0.94 [95,82,4,39,61,34,38,70,11] [363,519,178,993,568,578,965] [] []
923 0.93 [43,78,68,80,93,98] [] [323,455,995,660,417,193,240,827,502,998,161] []
924 1.0 [80,22,32,19,31,7,23,5] [609,896,62,345,731] [] []
925 0.79 [6,91,79,85,38,75,49,68,0] [] [] []
926 1.0 [91,75,51,65,3,92,79] [] [] []
927 0.94 [76,96,91,89,61,34,42,40,56] [566,186,427,94,118,785,178] [] []
928 0.95 [67,40,83,75,82,98] [336,661,844,87,475,5,708] [] []
929 0.92 [30,23,25,74,56,1,32,77,89] [] [] [770,535,980,735,913,329,646,884,199,119,677,992,304,636,263,42,496,711,288,740,67,872,959,614,406,356,684,293,253,995,279,514,638,665,24,909,324,576,852,929]
930 0.82 [54,80,82,61,83,73,57,67,39,35] [734,466,109,655,222,44,405,497,920] [] []
931 0.67 [25,7,64,17,22] [] [] []
932 0.91 [97,80,74,23,40,6,69,48,71] [314,453,771,805,8,955,224] [] []
933 0.85 [24,69,86,79,20,4,41,35,39,68] [205,721,615,829,944] [] []
934 0.92 [79,27,33,32,8] [] [] []
935 1.02 [67,98,75,54,15,81] [318,797,810,498,674] [] [11,532,398,974,476,596,270,537,403,97,176,782,460,271,170,370,578,551,423,971,137,378,388,86,479,411,699,503,432,228,337,935]
936 0.78 [9,77,16,33,28] [489,334,78,565,230,380,721] [] []
937 0.9 [97,48,62,77,54,41,88] [] [] []
938 0.91 [94,64,96,44,55,45,17,2] [] [] []
939 0.95 [94,46,0,67,8,24,77,92,36] [517,530,23,584,592,975] [] []
940 0.63 [11,24,6,78,30,27] [230,168,693,165,277,327,911,548] [666,789,7,682,991] []
941 0.92 [12,41,36,7,80,65] [357,88,712,995,144,161,688,162] [] []
942 0.97 [63,97,22,8,3,99] [] [] []
943 0.81 [88,58,9,96,83] [] [] []
944 0.88 [74,13,48,95,19,98,23,30] [205,721,615,829,933] [] []
945 1.01 [54,15,65,26,1,29,0,48] [500,457,592,118] [191,551,422,793,508,878,201,181] []
946 1.0 [22,49,3,2,27,58,98,73] [] [] []
947 1.06 [6,59,56,90,9,78,19,89] [261,662,581,734,231] [] []
948 0.96 [9,83,87,34,82,46,69,57] [839,287,567,846,561,357,86,667,30] [949,222,692,97,534,321,252] []
949 0.97 [10,83,25,35,46,26,8,49] [] [222,692,948,97,534,321,252] []
950 0.93 [25,16,83,63,81,37] [154,863,402,623,764,150,363,389,392] [] [453,395,477,300,974,149,814,766,689,658,714,361,83,955,4,137,970,350,889,825,600,323,612,43,950,181,619,172,326,359,690,184,815,788,640,959,29,240]
951 0.97 [31,23,7,59,54,97,98,32,78,26] [305,212,503,556,220,710] [] []
952 0.86 [87,49,91,35,93,5] [] [] []
953 0.87 [91,12,29,49,26] [845,921,657,424,530,635,20,75,251] [] []
954 0.94 [49,26,34,43,23,73,20] [972,665,264,634,453] [863,525,808,587,731,210,855] []
955 1.06 [24,65,50,9,52,89,6,90,37,85] [314,453,771,805,8,932,224] [] [453,395,477,300,974,149,814,766,689,658,714,361,83,955,4,137,970,350,889,825,600,323,612,43,950,181,619,172,326,359,690,184,815,788,640,959,29,240]
956 0.97 [50,77,54,30,78,10,84,95,79,90] [] [518,302,646,173,271,997,618,220,14,287] [563,343,529,910,956,620,219,38,632,613,786,678,2,201,874,100,818,640,470,685,265,229,898,838,778,12,110,881,449,746,810,666,486,686,254,601]
957 1.12 [89,20,4,58,80,75] [] [] []
958 0.84 [34,61,92,99,47,43,24,1] [704,600,933,637,147] [] []
959 1.04 [49,18,24,14,13,19,86,55,41] [601,13,396,73,592] [] [770,535,980,735,913,329,646,884,199,119,677,992,304,636,263,42,496,711,288,740,67,872,959,614,406,356,684,293,253,995,279,514,638,665,24,909,324,576,852,929]
960 0.83 [50,21,13,4,15,64,17] [838,562,332,629,260,12,174,657] [] []
961 0.94 [96,8,73,41,84,5,70] [869,193,650,627,210,262] [429,648,848,298,537,904,50,287,394,41] []
962 1.06 [19,26,74,70,44,84,83,9,55] [993,618,714,706,916,787,947,548,476] [] []
963 0.91 [84,72,24,70,77,74,59] [625,37,543,182,84] [] []
964 0.93 [26,16,68,27,40,93] [] [] []
965 0.85 [6,74,7,26,36] [363,519,178,993,568,578,922] [] []
966 0.93 [56,60,43,47,54,65,87,46,52,94] [] [] []
967 0.9 [93,21,81,25,62,8] [] [] []
968 1.0 [95,53,33,8,66,49,35,98,77] [] [113,469,841,738,989,465,653,854,442,421,219] [646,236,197,913,353,843,632,836,883,483,968,616,44,701,148,102,640,638,13,636,138,690,715,68,696,232]
969 0.89 [86,2,11,41,74,72,25,90] [] [] []
970 0.9 [3,37,75,67,15,34,41,47] [] [] [453,395,477,300,974,149,814,766,689,658,714,361,83,955,4,137,970,350,889,825,600,323,612,43,950,181,619,172,326,359,690,184,815,788,640,959,29,240]
971 0.92 [84,83,51,25,86,19,29,8] [396,259,540,350,788] [] [11,532,398,974,476,596,270,537,403,97,176,782,460,271,170,370,578,551,423,971,137,378,388,86,479,411,699,503,432,228,337,935]
972 0.93 [83,74,89,35,53,10,39,25] [665,954,264,634,453] [] [379,452,810,479,809,692,461,437,972,556,113,438,977,343,595]
973 0.96 [41,59,34,62,30,29,96,40,70] [] [] []
974 1.0 [12,48,40,56,85,37,92,51,46,58] [248,54,877,659,594,796,21,618,524] [] [658,448,633,477,556,974,308,459,326,91,626,377,40,859,546,620,829,780,194,382,872,509,668,340,466,817,745,52]
975 1.04 [46,17,8,90,50,4,22,30,55,32] [517,530,939,23,584,592] [] []
976 0.91 [79,11,84,20,78] [] [] []
977 0.91 [37,76,84,57,72,61] [744,745,658,176,62,459,76] [] [379,452,810,479,809,692,461,437,972,556,113,438,977,343,595]
978 0.85 [68,58,53,40,38,50,21] [465,933,784,114,220] [] []
979 0.76 [66,76,18,97,17,55,61,29] [910,656,531,472,781,595,265,421,338] [] []
980 0.93 [31,95,33,21,94,17] [496,788,348,993,27] [] [770,535,980,735,913,329,646,884,199,119,677,992,304,636,263,42,496,711,288,740,67,872,959,614,406,356,684,293,253,995,279,514,638,665,24,909,324,576,852,929]
981 0.8 [23,54,33,48,64,42] [729,781,663,612,416,136] [] []
982 1.0 [98,78,37,54,52,85,51,59] [] [731,47,866,417,57,376,332,349] []
983 0.92 [23,79,54,10,7,50,40,41,77,33] [] [] []
984 0.97 [66,97,25,45,0,87,99] [504,991,788,755,778,562,169,531,43] [] []
985 0.84 [25,75,32,67,40,10,6,22,93,64] [] [] []
986 0.97 [54,12,46,5,0,7,62,2,29,19] [706,374,579,547,518,819,727] [] []
987 0.85 [90,31,6,66,85,59,74,39] [] [500,269,418,431,487,241,702,621,35,19,654] [635,146,95,504,769,754,239,920,32,451,778,144,441,128,417,64,2,243,237,793,88,841,667,453,221,987,821,852,385,593,283,738,430,19,167,282,919,702,279,998]
988 0.93 [46,30,15,70,44] [] [] []
989 0.9 [13,38,4,15,46,41,81,48] [] [113,469,841,968,738,465,653,854,442,421,219] []
990 0.82 [60,56,44,64,26,47,40] [622,634,79,748,573,901,533] [] []
991 0.96 [0,63,5,8,46,90,44,18,89] [504,788,755,778,562,169,531,43,984] [666,789,940,7,682] []
992 0.91 [37,84,11,39,10,64,25] [] [] [770,535,980,735,913,329,646,884,199,119,677,992,304,636,263,42,496,711,288,740,67,872,959,614,406,356,684,293,253,995,279,514,638,665,24,909,324,576,852,929]
993 1.0 [77,63,88,57,68,80] [363,519,178,568,578,922,965] [] []
994 0.95 [60,1,52,78,16,40,77] [] [] []
995 0.7 [37,4,35,84,87,68] [357,88,712,144,161,688,941,162] [323,455,923,660,417,193,240,827,502,998,161] [770,535,980,735,913,329,646,884,199,119,677,992,304,636,263,42,496,711,288,740,67,872,959,614,406,356,684,293,253,995,279,514,638,665,24,909,324,576,852,929]
996 0.63 [56,61,82,3,89] [380,715,477,92,372] [] []
997 0.87 [48,41,69,56,28,60,19,10,92,24] [] [518,302,646,173,271,618,956,220,14,287] [777,580,636,537,64,705,312,997,586,760,234,743,719,182,154,872,251,323,557,458,286,329]
998 1.38 [87,47,14,75,56,15,13,27] [] [323,455,995,923,660,417,193,240,827,502,161] [635,146,95,504,769,754,239,920,32,451,778,144,441,128,417,64,2,243,237,793,88,841,667,453,221,987,821,852,385,593,283,738,430,19,167,282,919,702,279,998]
999 0.97 [10,13,66,49,40] [959,537,590,64,364,84,649,401] [] []
