100
0 1 1.5
1 1 1.5
2 1 1.5
3 1 1.5
4 1 1.5
5 1 1.5
6 1 1.5
7 1 1.5
8 1 1.5
9 1 1.5
10 1 1.5
11 1 1.5
12 1 1.5
13 1 1.5
14 1 1.5
15 1 1.5
16 1 1.5
17 1 1.5
18 1 1.5
19 1 1.5
20 1 1.5
21 1 1.5
22 1 1.5
23 1 1.5
24 1 1.5
25 1 1.5
26 1 1.5
27 1 1.5
28 1 1.5
29 1 1.5
30 1 1.5
31 1 1.5
32 1 1.5
33 1 1.5
34 1 1.5
35 1 1.5
36 1 1.5
37 1 1.5
38 1 1.5
39 1 1.5
40 1 1.5
41 1 1.5
42 1 1.5
43 1 1.5
44 1 1.5
45 1 1.5
46 1 1.5
47 1 1.5
48 1 1.5
49 1 1.5
50 1 1.5
51 1 1.5
52 1 1.5
53 1 1.5
54 1 1.5
55 1 1.5
56 1 1.5
57 1 1.5
58 1 1.5
59 1 1.5
60 1 1.5
61 1 1.5
62 1 1.5
63 1 1.5
64 1 1.5
65 1 1.5
66 1 1.5
67 1 1.5
68 1 1.5
69 1 1.5
70 1 1.5
71 1 1.5
72 1 1.5
73 1 1.5
74 1 1.5
75 1 1.5
76 1 1.5
77 1 1.5
78 1 1.5
79 1 1.5
80 1 1.5
81 1 1.5
82 1 1.5
83 1 1.5
84 1 1.5
85 1 1.5
86 1 1.5
87 1 1.5
88 1 1.5
89 1 1.5
90 1 1.5
91 1 1.5
92 1 1.5
93 1 1.5
94 1 1.5
95 1 1.5
96 1 1.5
97 1 1.5
98 1 1.5
99 1 1.5
1000
0 1.5 [] [] [] []
1 0.89 [] [] [] []
2 0.94 [] [837,578,453,876] [] []
3 1.0 [] [399,356,507,906] [] []
4 1.37 [] [724,750,885,261,191,622,957] [] []
5 1.18 [] [332,900,887,668,743,700] [] []
6 1.0 [] [128,372,923,669,35] [] []
7 0.84 [] [601,865,876,531,58,389] [] []
8 0.89 [] [887,11,670,171,512,317,819] [] []
9 0.96 [] [727,314,188,434] [] []
10 0.92 [] [] [] []
11 1.03 [] [374,592,355,314,597,225,69,674,951] [] []
12 0.97 [] [112,717,430,186,722] [] []
13 0.71 [] [544,228,748,186,644,917,126,328,177] [] []
14 1.07 [] [] [] []
15 0.89 [] [] [] []
16 0.91 [] [] [] []
17 1.2 [] [265,747,770,460,435,60,95] [] []
18 1.1 [] [139,783,601,90,880,795,963] [] []
19 1.33 [] [] [] []
20 0.86 [] [] [] []
21 0.9 [] [615,778,332,698,160,443,994,104,900] [] []
22 0.85 [] [] [] []
23 0.93 [] [] [] []
24 0.91 [] [122,366,865,955,517,70,327] [] []
25 0.84 [] [] [] []
26 0.73 [] [294,212,665,176] [] []
27 0.92 [] [313,486,626,481,438,829] [] []
28 1.11 [] [] [] []
29 1.0 [] [] [] []
30 0.8 [] [987,485,409,328] [] []
31 0.84 [] [896,138,357,875,473,224,395,724,494] [] []
32 1.01 [] [] [] []
33 1.04 [] [] [] []
34 1.0 [] [] [] []
35 1.0 [] [6,128,372,923,669] [] []
36 0.9 [] [] [] []
37 0.62 [] [] [] []
38 1.02 [] [] [] []
39 0.91 [] [971,70,376,314] [] []
40 0.88 [] [] [] []
41 0.93 [] [] [] []
42 0.99 [] [385,235,727,210,369,510,379,136] [] []
43 0.91 [] [] [] []
44 0.92 [] [338,790,412,231,98,381] [] []
45 0.79 [] [] [] []
46 0.99 [] [] [] []
47 0.85 [] [] [] []
48 0.8 [] [368,892,323,397,950,11,485] [] []
49 1.01 [] [] [] []
50 0.81 [] [] [] []
51 1.0 [] [738,555,458,705,172,791,66,169] [] []
52 0.95 [] [423,413,221,773,188,940] [] []
53 1.01 [] [378,620,986,282,916,78,236] [] []
54 0.9 [] [103,661,925,943,849,748,944] [] []
55 0.66 [] [] [] []
56 1.0 [] [] [] []
57 0.89 [] [] [] []
58 0.92 [] [601,865,876,531,389,7] [] []
59 0.88 [] [] [] []
60 0.99 [] [265,17,747,770,460,435,95] [] []
61 1.0 [] [839,93,774,644,206] [] []
62 0.81 [] [410,858,227,68] [] []
63 1.02 [] [] [] []
64 0.9 [] [] [] []
65 0.81 [] [] [] []
66 0.94 [] [738,555,458,51,705,172,791,169] [] []
67 0.95 [] [] [] []
68 0.9 [] [410,858,227,62] [] []
69 0.91 [] [374,592,355,314,597,11,225,674,951] [] []
70 0.95 [] [122,366,865,955,517,24,327] [] []
71 1.0 [] [135,129,475,913,207,114,309,426,373] [] []
72 1.22 [] [] [] []
73 0.94 [] [] [] []
74 0.9 [] [] [] []
75 0.96 [] [592,586,913,745,442,196,701,225] [] []
76 1.11 [] [113,701,537,440,774,649,467,314] [] []
77 0.93 [] [] [] []
78 0.93 [] [378,620,986,282,916,53,236] [] []
79 0.95 [] [] [] []
80 1.1 [] [] [] []
81 1.0 [] [311,116,296,964,594,958,615,939,469] [] []
82 0.92 [] [] [] []
83 0.89 [] [289,126,474,467,584,532,862,917,639] [] []
84 0.9 [] [] [] []
85 0.87 [] [636,758,315,489,434,264,867,736,955] [] []
86 1.0 [] [] [] []
87 1.28 [] [436,243,415,304,459,943] [] []
88 2.0 [] [] [] []
89 0.92 [] [] [] []
90 1.0 [] [18,139,783,601,880,795,963] [] []
91 0.8 [] [446,545,319,719,104] [] []
92 0.89 [] [] [] []
93 0.92 [] [778,566,142,521,112] [] []
94 0.93 [] [] [] []
95 1.0 [] [113,425,623,449] [] []
96 0.94 [] [] [] []
97 1.0 [] [849,259,896,722,413] [] []
98 0.53 [] [338,790,412,231,44,381] [] []
99 0.9 [] [] [] []
100 0.93 [] [] [] []
101 1.0 [] [] [] []
102 0.93 [] [] [] []
103 0.87 [] [54,661,925,943,849,748,944] [] []
104 0.91 [] [446,545,319,719,91] [] []
105 0.89 [] [] [] []
106 0.9 [] [] [] []
107 1.25 [] [523,958,682,726,776,572,798,491,187] [] []
108 1.0 [] [772,606,273,378,536,283,972,350] [] []
109 0.81 [] [253,2,744,326,416,524] [] []
110 0.8 [] [] [] []
111 0.97 [] [] [] []
112 0.89 [] [717,430,186,722,12] [] []
113 0.9 [] [425,95,623,449] [] []
114 0.94 [] [156,222,916,626,118,624] [] []
115 0.9 [] [546,988,498,781,665] [] []
116 0.91 [] [311,296,964,81,594,958,615,939,469] [] []
117 0.81 [] [] [] []
118 0.94 [] [156,222,114,916,626,624] [] []
119 0.96 [] [385,315,679,488] [] []
120 0.94 [] [] [] []
121 1.01 [] [820,583,277,902,871,986,395,911] [] []
122 0.93 [] [366,865,955,517,24,70,327] [] []
123 1.0 [] [348,908,180,184,818,920,209,104,731] [] []
124 0.93 [] [] [] []
125 1.0 [] [797,818,748,140,352,508] [] []
126 1.16 [] [289,474,467,584,532,83,862,917,639] [] []
127 0.93 [] [] [] []
128 0.97 [] [6,372,923,669,35] [] []
129 1.14 [] [871,881,344,374,297,274] [] []
130 0.98 [] [] [] []
131 1.01 [] [] [] []
132 0.92 [] [692,290,834,246,987,453,978,723] [] []
133 0.85 [] [] [] []
134 0.94 [] [] [] []
135 0.92 [] [832,773,386,272,236,938] [] []
136 0.85 [] [385,235,727,210,369,510,379,42] [] []
137 2.0 [] [] [] []
138 0.88 [] [896,357,875,473,224,31,395,724,494] [] []
139 0.88 [] [18,783,601,90,880,795,963] [] []
140 0.64 [] [954,546,191,245] [] []
141 1.0 [] [] [] []
142 1.02 [] [778,93,566,521,112] [] []
143 1.0 [] [] [] []
144 0.93 [] [] [] []
145 1.02 [] [] [] []
146 0.8 [] [] [] []
147 0.86 [] [630,707,369,160,825,427,660] [] []
148 0.92 [] [] [] []
149 1.0 [] [775,535,272,195] [] []
150 0.98 [] [904,552,583,437] [] []
151 1.1 [] [] [] []
152 1.11 [] [526,310,293,695,161] [] []
153 1.03 [] [675,507,948,387] [] []
154 0.95 [] [574,370,381,689,934,463,887,296] [] []
155 0.93 [] [] [] []
156 0.89 [] [222,114,916,626,118,624] [] []
157 0.97 [] [] [] []
158 1.05 [] [844,673,905,707,968,936,931,42] [] []
159 0.91 [] [975,164,268,412,871,508,449,551] [] []
160 0.97 [] [630,707,369,147,825,427,660] [] []
161 0.63 [] [152,526,310,293,695] [] []
162 0.96 [] [] [] []
163 0.94 [] [651,678,715,240,329,197,996,706] [] []
164 0.85 [] [975,268,412,871,508,159,449,551] [] []
165 1.0 [] [] [] []
166 0.92 [] [] [] []
167 0.85 [] [] [] []
168 0.96 [] [836,263,39,795] [] []
169 0.95 [] [738,555,458,51,705,172,791,66] [] []
170 0.91 [] [] [] []
171 0.95 [] [8,887,11,670,512,317,819] [] []
172 0.91 [] [738,555,458,51,705,791,66,169] [] []
173 0.9 [] [] [] []
174 1.25 [] [] [] []
175 0.98 [] [] [] []
176 0.9 [] [294,212,26,665] [] []
177 1.0 [] [544,228,748,186,13,644,917,126,328] [] []
178 1.0 [] [567,614,258,824] [] []
179 0.9 [] [] [] []
180 0.85 [] [348,908,123,184,818,920,209,104,731] [] []
181 0.96 [] [] [] []
182 0.7 [] [] [] []
183 0.86 [] [291,978,589,11,401,670,932,236,437] [] []
184 0.95 [] [348,908,180,123,818,920,209,104,731] [] []
185 0.78 [] [] [] []
186 0.87 [] [112,717,430,722,12] [] []
187 0.89 [] [107,523,958,682,726,776,572,798,491] [] []
188 0.8 [] [727,9,314,434] [] []
189 0.83 [] [] [] []
190 1.31 [] [723,948,882,416,808,232,776,543,819] [] []
191 0.85 [] [724,750,885,261,4,622,957] [] []
192 1.35 [] [] [] []
193 0.85 [] [78,534,914,701] [] []
194 1.01 [] [235,953,606,707,552] [] []
195 0.86 [] [775,535,149,272] [] []
196 0.93 [] [592,586,913,745,442,701,225,75] [] []
197 1.0 [] [651,678,715,240,329,163,996,706] [] []
198 0.95 [] [] [] []
199 0.87 [] [] [] []
200 0.86 [] [] [] []
201 1.0 [] [288,364,722,773,501,597] [] []
202 0.94 [] [] [] []
203 0.87 [] [] [] []
204 0.9 [] [] [] []
205 0.95 [] [] [] []
206 0.88 [] [839,93,774,61,644] [] []
207 0.92 [] [135,129,475,71,913,114,309,426,373] [] []
208 0.93 [] [931,252,997,666,331,375] [] []
209 1.0 [] [348,908,180,123,184,818,920,104,731] [] []
210 0.87 [] [385,235,727,369,510,379,42,136] [] []
211 1.0 [] [515,724,365,581,818,665,802] [] []
212 0.83 [] [294,26,665,176] [] []
213 0.96 [] [] [] []
214 0.91 [] [] [] []
215 0.95 [] [107,292,114,310,486] [] []
216 0.94 [] [757,419,277,866,406,655,372] [] []
217 0.9 [] [] [] []
218 0.9 [] [507,910,494,624,949] [] []
219 0.94 [] [] [] []
220 0.94 [] [] [] []
221 0.98 [] [52,423,413,773,188,940] [] []
222 0.9 [] [156,114,916,626,118,624] [] []
223 0.9 [] [] [] []
224 0.8 [] [896,138,357,875,473,31,395,724,494] [] []
225 0.85 [] [374,592,355,314,597,11,69,674,951] [] []
226 1.0 [] [] [] []
227 1.0 [] [410,858,68,62] [] []
228 0.95 [] [544,748,186,13,644,917,126,328,177] [] []
229 1.0 [] [473,939,293,814,895,442,914,316,802] [] []
230 0.93 [] [] [] []
231 0.81 [] [338,790,412,44,98,381] [] []
232 0.99 [] [484,235,510,659,939] [] []
233 0.89 [] [] [] []
234 1.05 [] [] [] []
235 0.7 [] [385,727,210,369,510,379,42,136] [] []
236 0.94 [] [183,291,978,589,11,401,670,932,437] [] []
237 0.97 [] [] [] []
238 0.92 [] [] [] []
239 0.88 [] [] [] []
240 0.8 [] [651,678,715,329,163,197,996,706] [] []
241 1.03 [] [188,421,388,770,430,240,520,428,365] [] []
242 1.18 [] [] [] []
243 0.84 [] [436,415,304,459,943,87] [] []
244 0.93 [] [188,26,474,430,462,115] [] []
245 0.93 [] [954,140,546,191] [] []
246 0.86 [] [692,290,834,987,453,978,132,723] [] []
247 0.85 [] [] [] []
248 0.91 [] [] [] []
249 1.16 [] [] [] []
250 0.81 [] [378,749,254,310] [] []
251 0.88 [] [] [] []
252 0.92 [] [208,931,997,666,331,375] [] []
253 0.83 [] [2,744,326,416,109,524] [] []
254 0.92 [] [378,250,749,310] [] []
255 0.98 [] [] [] []
256 0.94 [] [] [] []
257 0.96 [] [537,216,840,449,717] [] []
258 1.04 [] [567,614,824,178] [] []
259 0.89 [] [97,849,896,722,413] [] []
260 0.94 [] [] [] []
261 1.0 [] [724,750,885,191,4,622,957] [] []
262 0.96 [] [] [] []
263 1.19 [] [836,168,39,795] [] []
264 0.9 [] [636,758,315,489,434,867,736,955,85] [] []
265 0.93 [] [17,747,770,460,435,60,95] [] []
266 0.81 [] [] [] []
267 0.92 [] [] [] []
268 1.24 [] [975,164,412,871,508,159,449,551] [] []
269 0.95 [] [980,493,702,783,730] [] []
270 1.0 [] [] [] []
271 0.82 [] [] [] []
272 0.86 [] [135,832,773,386,236,938] [] []
273 0.97 [] [772,606,378,536,283,108,972,350] [] []
274 0.9 [] [871,881,344,374,297,129] [] []
275 1.23 [] [] [] []
276 0.73 [] [] [] []
277 0.87 [] [216,757,419,866,406,655,372] [] []
278 0.79 [] [] [] []
279 0.93 [] [] [] []
280 0.94 [] [] [] []
281 1.16 [] [] [] []
282 0.82 [] [378,620,986,916,78,53,236] [] []
283 0.89 [] [772,606,273,378,536,108,972,350] [] []
284 0.89 [] [514,849,569,872,352,496,549,191] [] []
285 0.93 [] [54,81,984,866,921,830,687,824,879] [] []
286 0.99 [] [] [] []
287 0.96 [] [] [] []
288 0.76 [] [364,722,773,201,501,597] [] []
289 0.86 [] [126,474,467,584,532,83,862,917,639] [] []
290 0.78 [] [692,834,246,987,453,978,132,723] [] []
291 0.79 [] [183,978,589,11,401,670,932,236,437] [] []
292 0.85 [] [107,215,114,310,486] [] []
293 0.89 [] [473,939,814,895,229,442,914,316,802] [] []
294 1.0 [] [212,26,665,176] [] []
295 0.72 [] [360,754,423,873] [] []
296 0.93 [] [311,116,964,81,594,958,615,939,469] [] []
297 0.87 [] [871,881,344,374,129,274] [] []
298 0.82 [] [] [] []
299 0.77 [] [] [] []
300 0.92 [] [] [] []
301 0.94 [] [] [] []
302 1.09 [] [] [] []
303 0.96 [] [] [] []
304 1.19 [] [436,243,415,459,943,87] [] []
305 1.01 [] [521,661,410,5,18,513,688,128,960] [] []
306 0.97 [] [864,194,756,590,552,412,743] [] []
307 1.16 [] [] [] []
308 1.09 [] [434,441,971,835,537] [] []
309 0.89 [] [135,129,475,71,913,207,114,426,373] [] []
310 0.82 [] [378,250,749,254] [] []
311 0.86 [] [326,748,713,946,999,750,400] [] []
312 1.0 [] [] [] []
313 0.83 [] [486,626,27,481,438,829] [] []
314 0.87 [] [374,592,355,597,11,225,69,674,951] [] []
315 0.89 [] [385,119,679,488] [] []
316 0.93 [] [473,939,293,814,895,229,442,914,802] [] []
317 0.75 [] [995,905,402,708,700] [] []
318 0.86 [] [432,75,180,360,374,454,899,717] [] []
319 1.16 [] [446,545,719,104,91] [] []
320 0.85 [] [] [] []
321 0.94 [] [853,620,429,446,476,177,857] [] []
322 0.86 [] [] [] []
323 0.9 [] [368,48,892,397,950,11,485] [] []
324 0.98 [] [] [] []
325 1.09 [] [] [] []
326 1.19 [] [311,748,713,946,999,750,400] [] []
327 0.96 [] [122,366,865,955,517,24,70] [] []
328 1.0 [] [987,30,485,409] [] []
329 0.79 [] [651,678,715,240,163,197,996,706] [] []
330 0.92 [] [] [] []
331 0.89 [] [208,931,252,997,666,375] [] []
332 1.04 [] [900,887,668,743,700,5] [] []
333 1.03 [] [297,524,681,399] [] []
334 1.0 [] [] [] []
335 1.33 [] [66,2,115,929,402,592] [] []
336 0.88 [] [] [] []
337 0.85 [] [] [] []
338 1.0 [] [790,412,231,44,98,381] [] []
339 0.76 [] [] [] []
340 1.16 [] [] [] []
341 0.93 [] [] [] []
342 1.0 [] [] [] []
343 0.9 [] [] [] []
344 0.86 [] [871,881,374,297,129,274] [] []
345 0.96 [] [] [] []
346 0.96 [] [] [] []
347 1.09 [] [] [] []
348 1.11 [] [908,180,123,184,818,920,209,104,731] [] []
349 0.88 [] [] [] []
350 0.95 [] [772,606,273,378,536,283,108,972] [] []
351 1.04 [] [] [] []
352 0.91 [] [707,898,444,700,594,772,893] [] []
353 0.91 [] [] [] []
354 1.04 [] [524,53,831,957] [] []
355 0.94 [] [374,592,314,597,11,225,69,674,951] [] []
356 0.98 [] [399,507,3,906] [] []
357 0.86 [] [896,138,875,473,224,31,395,724,494] [] []
358 0.93 [] [] [] []
359 1.0 [] [] [] []
360 0.88 [] [754,295,423,873] [] []
361 0.93 [] [] [] []
362 1.0 [] [355,369,730,487] [] []
363 1.0 [] [] [] []
364 0.84 [] [288,722,773,201,501,597] [] []
365 0.95 [] [515,211,724,581,818,665,802] [] []
366 0.81 [] [122,865,955,517,24,70,327] [] []
367 0.94 [] [] [] []
368 1.09 [] [48,892,323,397,950,11,485] [] []
369 0.72 [] [385,235,727,210,510,379,42,136] [] []
370 0.91 [] [574,381,689,934,463,887,154,296] [] []
371 1.01 [] [] [] []
372 0.95 [] [216,757,419,277,866,406,655] [] []
373 0.97 [] [135,129,475,71,913,207,114,309,426] [] []
374 0.91 [] [592,355,314,597,11,225,69,674,951] [] []
375 1.24 [] [208,931,252,997,666,331] [] []
376 1.0 [] [39,971,70,314] [] []
377 0.87 [] [268,712,153,561,638,128,834,514] [] []
378 0.88 [] [772,606,273,536,283,108,972,350] [] []
379 0.96 [] [385,235,727,210,369,510,42,136] [] []
380 0.92 [] [] [] []
381 1.11 [] [338,790,412,231,44,98] [] []
382 0.92 [] [] [] []
383 0.95 [] [] [] []
384 0.91 [] [] [] []
385 0.91 [] [235,727,210,369,510,379,42,136] [] []
386 1.07 [] [135,832,773,272,236,938] [] []
387 0.95 [] [675,153,507,948] [] []
388 0.9 [] [188,241,421,770,430,240,520,428,365] [] []
389 0.93 [] [601,865,876,531,58,7] [] []
390 0.9 [] [] [] []
391 0.85 [] [] [] []
392 0.95 [] [] [] []
393 0.77 [] [] [] []
394 1.24 [] [] [] []
395 0.85 [] [121,820,583,277,902,871,986,911] [] []
396 0.86 [] [] [] []
397 0.88 [] [368,48,892,323,950,11,485] [] []
398 0.93 [] [494,741,115,453,685] [] []
399 0.84 [] [356,507,3,906] [] []
400 0.9 [] [326,311,748,713,946,999,750] [] []
401 1.0 [] [183,291,978,589,11,670,932,236,437] [] []
402 0.97 [] [953,932,999,991] [] []
403 0.99 [] [] [] []
404 1.0 [] [] [] []
405 0.89 [] [] [] []
406 0.93 [] [216,757,419,277,866,655,372] [] []
407 0.97 [] [] [] []
408 1.0 [] [] [] []
409 0.91 [] [987,30,485,328] [] []
410 0.82 [] [858,227,68,62] [] []
411 1.0 [] [] [] []
412 0.98 [] [975,164,268,871,508,159,449,551] [] []
413 0.76 [] [97,849,259,896,722] [] []
414 0.82 [] [] [] []
415 0.97 [] [436,243,304,459,943,87] [] []
416 0.86 [] [253,2,744,326,109,524] [] []
417 1.17 [] [] [] []
418 0.97 [] [412,768,438,695,872,993] [] []
419 1.05 [] [216,757,277,866,406,655,372] [] []
420 0.96 [] [] [] []
421 0.98 [] [688,24,509,788,800,26,503,890] [] []
422 1.04 [] [] [] []
423 0.86 [] [360,754,295,873] [] []
424 0.9 [] [] [] []
425 0.92 [] [113,95,623,449] [] []
426 0.81 [] [135,129,475,71,913,207,114,309,373] [] []
427 0.92 [] [630,707,369,147,160,825,660] [] []
428 0.89 [] [188,241,421,388,770,430,240,520,365] [] []
429 1.4 [] [853,620,446,476,177,321,857] [] []
430 0.92 [] [112,717,186,722,12] [] []
431 1.0 [] [] [] []
432 0.91 [] [75,180,318,360,374,454,899,717] [] []
433 0.92 [] [] [] []
434 1.02 [] [636,758,315,489,264,867,736,955,85] [] []
435 0.94 [] [265,17,747,770,460,60,95] [] []
436 0.91 [] [243,415,304,459,943,87] [] []
437 1.13 [] [183,291,978,589,11,401,670,932,236] [] []
438 0.9 [] [313,486,626,27,481,829] [] []
439 0.97 [] [] [] []
440 1.02 [] [113,701,537,76,774,649,467,314] [] []
441 0.9 [] [434,308,971,835,537] [] []
442 1.0 [] [592,586,913,745,196,701,225,75] [] []
443 1.14 [] [615,778,332,698,160,994,21,104,900] [] []
444 0.78 [] [707,898,700,594,772,352,893] [] []
445 0.86 [] [] [] []
446 1.28 [] [545,319,719,104,91] [] []
447 1.22 [] [] [] []
448 0.93 [] [] [] []
449 0.88 [] [975,164,268,412,871,508,159,551] [] []
450 1.0 [] [] [] []
451 1.0 [] [] [] []
452 0.94 [] [] [] []
453 0.92 [] [837,578,2,876] [] []
454 0.9 [] [432,75,180,318,360,374,899,717] [] []
455 0.87 [] [] [] []
456 0.94 [] [] [] []
457 1.23 [] [] [] []
458 1.01 [] [738,555,51,705,172,791,66,169] [] []
459 0.83 [] [436,243,415,304,943,87] [] []
460 0.84 [] [265,17,747,770,435,60,95] [] []
461 0.99 [] [] [] []
462 1.0 [] [188,26,474,430,244,115] [] []
463 1.0 [] [574,370,381,689,934,887,154,296] [] []
464 0.88 [] [] [] []
465 1.14 [] [] [] []
466 1.0 [] [] [] []
467 0.87 [] [289,126,474,584,532,83,862,917,639] [] []
468 1.33 [] [] [] []
469 0.87 [] [311,116,296,964,81,594,958,615,939] [] []
470 0.8 [] [] [] []
471 1.01 [] [] [] []
472 0.9 [] [] [] []
473 0.9 [] [939,293,814,895,229,442,914,316,802] [] []
474 0.91 [] [289,126,467,584,532,83,862,917,639] [] []
475 0.89 [] [135,129,71,913,207,114,309,426,373] [] []
476 0.9 [] [853,620,429,446,177,321,857] [] []
477 1.0 [] [] [] []
478 0.84 [] [] [] []
479 0.81 [] [] [] []
480 1.0 [] [] [] []
481 0.83 [] [313,486,626,27,438,829] [] []
482 0.93 [] [] [] []
483 0.9 [] [] [] []
484 0.93 [] [232,235,510,659,939] [] []
485 0.87 [] [987,30,409,328] [] []
486 0.72 [] [107,215,292,114,310] [] []
487 0.85 [] [355,369,730,362] [] []
488 0.86 [] [385,119,315,679] [] []
489 0.97 [] [636,758,315,434,264,867,736,955,85] [] []
490 0.86 [] [] [] []
491 0.81 [] [107,523,958,682,726,776,572,798,187] [] []
492 1.0 [] [] [] []
493 0.92 [] [980,269,702,783,730] [] []
494 0.95 [] [398,741,115,453,685] [] []
495 1.02 [] [] [] []
496 0.9 [] [514,849,569,872,352,284,549,191] [] []
497 1.0 [] [] [] []
498 0.86 [] [115,546,988,781,665] [] []
499 0.83 [] [] [] []
500 1.03 [] [] [] []
501 0.75 [] [288,364,722,773,201,597] [] []
502 1.07 [] [] [] []
503 0.79 [] [688,24,509,788,800,26,421,890] [] []
504 0.8 [] [] [] []
505 1.04 [] [] [] []
506 0.94 [] [] [] []
507 0.89 [] [399,356,3,906] [] []
508 0.89 [] [975,164,268,412,871,159,449,551] [] []
509 0.93 [] [688,24,788,800,26,503,421,890] [] []
510 1.0 [] [385,235,727,210,369,379,42,136] [] []
511 0.77 [] [] [] []
512 0.76 [] [8,887,11,670,171,317,819] [] []
513 0.92 [] [83,630,740,581,887] [] []
514 1.18 [] [849,569,872,352,284,496,549,191] [] []
515 0.76 [] [211,724,365,581,818,665,802] [] []
516 0.98 [] [] [] []
517 0.82 [] [122,366,865,955,24,70,327] [] []
518 0.82 [] [] [] []
519 1.0 [] [] [] []
520 0.96 [] [188,241,421,388,770,430,240,428,365] [] []
521 0.86 [] [778,93,566,142,112] [] []
522 0.51 [] [] [] []
523 1.0 [] [107,958,682,726,776,572,798,491,187] [] []
524 1.0 [] [253,2,744,326,416,109] [] []
525 0.92 [] [] [] []
526 1.02 [] [152,310,293,695,161] [] []
527 1.01 [] [] [] []
528 0.9 [] [] [] []
529 1.01 [] [] [] []
530 0.88 [] [] [] []
531 0.85 [] [601,865,876,58,389,7] [] []
532 0.86 [] [289,126,474,467,584,83,862,917,639] [] []
533 0.98 [] [] [] []
534 0.98 [] [193,78,914,701] [] []
535 0.91 [] [775,149,272,195] [] []
536 1.0 [] [772,606,273,378,283,108,972,350] [] []
537 0.87 [] [434,308,441,971,835] [] []
538 0.85 [] [] [] []
539 0.89 [] [] [] []
540 0.89 [] [] [] []
541 1.0 [] [] [] []
542 1.08 [] [] [] []
543 0.86 [] [723,190,948,882,416,808,232,776,819] [] []
544 0.96 [] [228,748,186,13,644,917,126,328,177] [] []
545 1.34 [] [446,319,719,104,91] [] []
546 0.89 [] [115,988,498,781,665] [] []
547 0.77 [] [] [] []
548 1.26 [] [] [] []
549 0.99 [] [514,849,569,872,352,284,496,191] [] []
550 1.0 [] [] [] []
551 0.85 [] [975,164,268,412,871,508,159,449] [] []
552 0.95 [] [235,953,606,707,194] [] []
553 0.8 [] [] [] []
554 0.93 [] [] [] []
555 0.79 [] [738,458,51,705,172,791,66,169] [] []
556 0.93 [] [] [] []
557 0.91 [] [] [] []
558 0.87 [] [] [] []
559 0.87 [] [] [] []
560 1.2 [] [] [] []
561 0.72 [] [268,712,153,638,128,377,834,514] [] []
562 0.98 [] [] [] []
563 1.05 [] [] [] []
564 0.87 [] [] [] []
565 1.03 [] [] [] []
566 1.19 [] [778,93,142,521,112] [] []
567 1.05 [] [614,258,824,178] [] []
568 0.96 [] [] [] []
569 0.8 [] [514,849,872,352,284,496,549,191] [] []
570 0.96 [] [] [] []
571 0.94 [] [] [] []
572 0.94 [] [107,523,958,682,726,776,798,491,187] [] []
573 1.03 [] [] [] []
574 1.0 [] [370,381,689,934,463,887,154,296] [] []
575 0.88 [] [] [] []
576 0.86 [] [] [] []
577 1.0 [] [619,938,719,476] [] []
578 0.95 [] [837,2,453,876] [] []
579 0.86 [] [83,4,827,438,589,119] [] []
580 0.78 [] [930,350,811,317,863,265,296] [] []
581 0.94 [] [515,211,724,365,818,665,802] [] []
582 0.99 [] [] [] []
583 0.86 [] [121,820,277,902,871,986,395,911] [] []
584 1.0 [] [289,126,474,467,532,83,862,917,639] [] []
585 1.0 [] [] [] []
586 0.93 [] [592,913,745,442,196,701,225,75] [] []
587 0.98 [] [] [] []
588 1.08 [] [] [] []
589 0.99 [] [183,291,978,11,401,670,932,236,437] [] []
590 1.01 [] [864,194,756,306,552,412,743] [] []
591 1.07 [] [] [] []
592 0.98 [] [374,355,314,597,11,225,69,674,951] [] []
593 0.83 [] [] [] []
594 0.95 [] [707,898,444,700,772,352,893] [] []
595 1.0 [] [] [] []
596 1.01 [] [] [] []
597 0.93 [] [374,592,355,314,11,225,69,674,951] [] []
598 0.97 [] [] [] []
599 0.96 [] [] [] []
600 1.2 [] [] [] []
601 0.9 [] [865,876,531,58,389,7] [] []
602 0.93 [] [] [] []
603 0.83 [] [] [] []
604 0.96 [] [] [] []
605 0.98 [] [] [] []
606 0.93 [] [772,273,378,536,283,108,972,350] [] []
607 0.95 [] [] [] []
608 0.93 [] [] [] []
609 0.83 [] [] [] []
610 0.94 [] [176,993,319,761,667,235,453] [] []
611 0.77 [] [] [] []
612 0.92 [] [] [] []
613 1.0 [] [] [] []
614 0.86 [] [567,258,824,178] [] []
615 0.88 [] [778,332,698,160,443,994,21,104,900] [] []
616 0.96 [] [] [] []
617 1.0 [] [] [] []
618 0.86 [] [] [] []
619 0.95 [] [938,719,577,476] [] []
620 0.91 [] [378,986,282,916,78,53,236] [] []
621 1.33 [] [] [] []
622 0.88 [] [724,750,885,261,191,4,957] [] []
623 1.0 [] [113,425,95,449] [] []
624 0.92 [] [156,222,114,916,626,118] [] []
625 0.83 [] [] [] []
626 1.0 [] [156,222,114,916,118,624] [] []
627 1.0 [] [] [] []
628 1.25 [] [] [] []
629 0.77 [] [] [] []
630 1.22 [] [707,369,147,160,825,427,660] [] []
631 1.12 [] [] [] []
632 0.93 [] [] [] []
633 0.95 [] [800,112,544,153] [] []
634 1.02 [] [] [] []
635 0.86 [] [] [] []
636 0.94 [] [758,315,489,434,264,867,736,955,85] [] []
637 0.93 [] [] [] []
638 0.82 [] [268,712,153,561,128,377,834,514] [] []
639 0.9 [] [289,126,474,467,584,532,83,862,917] [] []
640 1.19 [] [] [] []
641 1.05 [] [] [] []
642 0.98 [] [] [] []
643 0.8 [] [] [] []
644 0.97 [] [544,228,748,186,13,917,126,328,177] [] []
645 1.17 [] [] [] []
646 0.93 [] [] [] []
647 1.0 [] [] [] []
648 0.92 [] [] [] []
649 0.87 [] [113,701,537,440,76,774,467,314] [] []
650 1.0 [] [] [] []
651 1.0 [] [678,715,240,329,163,197,996,706] [] []
652 0.88 [] [] [] []
653 0.96 [] [] [] []
654 0.98 [] [] [] []
655 0.94 [] [216,757,419,277,866,406,372] [] []
656 0.96 [] [] [] []
657 2.01 [] [] [] []
658 1.0 [] [] [] []
659 0.71 [] [484,232,235,510,939] [] []
660 0.8 [] [630,707,369,147,160,825,427] [] []
661 0.66 [] [103,54,925,943,849,748,944] [] []
662 0.93 [] [] [] []
663 1.02 [] [] [] []
664 0.98 [] [] [] []
665 0.89 [] [115,546,988,498,781] [] []
666 0.97 [] [208,931,252,997,331,375] [] []
667 0.87 [] [176,993,319,761,610,235,453] [] []
668 0.95 [] [332,900,887,743,700,5] [] []
669 0.89 [] [6,128,372,923,35] [] []
670 0.89 [] [183,291,978,589,11,401,932,236,437] [] []
671 0.9 [] [] [] []
672 0.93 [] [] [] []
673 0.95 [] [158,844,905,707,968,936,931,42] [] []
674 1.33 [] [374,592,355,314,597,11,225,69,951] [] []
675 1.01 [] [153,507,948,387] [] []
676 0.92 [] [] [] []
677 0.93 [] [] [] []
678 0.96 [] [651,715,240,329,163,197,996,706] [] []
679 0.95 [] [385,119,315,488] [] []
680 0.96 [] [] [] []
681 0.81 [] [297,333,524,399] [] []
682 0.93 [] [107,523,958,726,776,572,798,491,187] [] []
683 0.94 [] [] [] []
684 0.87 [] [] [] []
685 0.96 [] [494,398,741,115,453] [] []
686 0.78 [] [] [] []
687 0.9 [] [54,285,81,984,866,921,830,824,879] [] []
688 0.85 [] [24,509,788,800,26,503,421,890] [] []
689 0.8 [] [574,370,381,934,463,887,154,296] [] []
690 1.97 [] [] [] []
691 1.96 [] [] [] []
692 1.95 [] [365,308,712,316,960] [] []
693 2.04 [] [] [] []
694 1.85 [] [] [] []
695 1.93 [] [152,526,310,293,161] [] []
696 1.85 [] [] [] []
697 2.0 [] [] [] []
698 1.91 [] [615,778,332,160,443,994,21,104,900] [] []
699 1.87 [] [] [] []
700 1.82 [] [332,900,887,668,743,5] [] []
701 1.83 [] [592,586,913,745,442,196,225,75] [] []
702 1.93 [] [980,493,269,783,730] [] []
703 1.96 [] [] [] []
704 1.89 [] [] [] []
705 1.95 [] [738,555,458,51,172,791,66,169] [] []
706 2.04 [] [651,678,715,240,329,163,197,996] [] []
707 1.89 [] [235,953,606,194,552] [] []
708 1.84 [] [317,995,905,402,700] [] []
709 1.85 [] [] [] []
710 2.03 [] [] [] []
711 1.83 [] [] [] []
712 1.72 [] [692,365,308,316,960] [] []
713 2.03 [] [326,311,748,946,999,750,400] [] []
714 1.98 [] [] [] []
715 1.8 [] [651,678,240,329,163,197,996,706] [] []
716 1.93 [] [] [] []
717 1.95 [] [112,430,186,722,12] [] []
718 1.83 [] [] [] []
719 1.58 [] [446,545,319,104,91] [] []
720 1.61 [] [] [] []
721 1.68 [] [] [] []
722 1.82 [] [112,717,430,186,12] [] []
723 0.96 [] [190,948,882,416,808,232,776,543,819] [] []
724 0.93 [] [515,211,365,581,818,665,802] [] []
725 1.0 [] [] [] []
726 0.95 [] [107,523,958,682,776,572,798,491,187] [] []
727 1.14 [] [385,235,210,369,510,379,42,136] [] []
728 1.0 [] [] [] []
729 1.0 [] [] [] []
730 0.97 [] [355,369,362,487] [] []
731 0.91 [] [348,908,180,123,184,818,920,209,104] [] []
732 0.87 [] [] [] []
733 0.96 [] [] [] []
734 1.11 [] [] [] []
735 0.82 [] [] [] []
736 0.94 [] [636,758,315,489,434,264,867,955,85] [] []
737 0.92 [] [] [] []
738 0.91 [] [555,458,51,705,172,791,66,169] [] []
739 0.96 [] [] [] []
740 0.96 [] [513,83,630,581,887] [] []
741 0.99 [] [494,398,115,453,685] [] []
742 0.94 [] [379,188,546,820,894,931,459,741] [] []
743 0.96 [] [332,900,887,668,700,5] [] []
744 0.88 [] [253,2,326,416,109,524] [] []
745 1.0 [] [592,586,913,442,196,701,225,75] [] []
746 0.95 [] [] [] []
747 0.9 [] [265,17,770,460,435,60,95] [] []
748 0.99 [] [103,54,661,925,943,849,944] [] []
749 1.0 [] [378,250,254,310] [] []
750 2.0 [] [326,311,748,713,946,999,400] [] []
751 0.95 [] [] [] []
752 0.86 [] [] [] []
753 0.92 [] [] [] []
754 0.87 [] [360,295,423,873] [] []
755 1.02 [] [] [] []
756 0.89 [] [864,194,590,306,552,412,743] [] []
757 1.0 [] [216,419,277,866,406,655,372] [] []
758 0.99 [] [636,315,489,434,264,867,736,955,85] [] []
759 1.0 [] [] [] []
760 1.12 [] [] [] []
761 1.09 [] [176,993,319,610,667,235,453] [] []
762 0.71 [] [] [] []
763 0.8 [] [] [] []
764 0.96 [] [] [] []
765 0.84 [] [] [] []
766 0.93 [] [] [] []
767 1.0 [] [] [] []
768 0.86 [] [412,438,695,872,993,418] [] []
769 0.92 [] [] [] []
770 1.02 [] [265,17,747,460,435,60,95] [] []
771 0.94 [] [] [] []
772 1.09 [] [606,273,378,536,283,108,972,350] [] []
773 1.0 [] [135,832,386,272,236,938] [] []
774 2.0 [] [113,701,537,440,76,649,467,314] [] []
775 0.93 [] [535,149,272,195] [] []
776 1.11 [] [107,523,958,682,726,572,798,491,187] [] []
777 0.88 [] [] [] []
778 0.9 [] [615,332,698,160,443,994,21,104,900] [] []
779 0.85 [] [] [] []
780 0.71 [] [] [] []
781 0.76 [] [115,546,988,498,665] [] []
782 0.98 [] [] [] []
783 0.97 [] [980,493,269,702,730] [] []
784 1.0 [] [] [] []
785 0.87 [] [] [] []
786 1.0 [] [] [] []
787 0.97 [] [] [] []
788 0.86 [] [688,24,509,800,26,503,421,890] [] []
789 0.87 [] [] [] []
790 0.93 [] [338,412,231,44,98,381] [] []
791 1.0 [] [738,555,458,51,705,172,66,169] [] []
792 1.11 [] [] [] []
793 0.87 [] [] [] []
794 0.96 [] [] [] []
795 1.34 [] [836,168,263,39] [] []
796 0.96 [] [] [] []
797 0.91 [] [818,748,140,352,125,508] [] []
798 0.89 [] [107,523,958,682,726,776,572,491,187] [] []
799 0.87 [] [] [] []
800 0.92 [] [688,24,509,788,26,503,421,890] [] []
801 1.27 [] [] [] []
802 0.8 [] [515,211,724,365,581,818,665] [] []
803 0.89 [] [] [] []
804 0.88 [] [] [] []
805 0.9 [] [] [] []
806 1.0 [] [] [] []
807 0.95 [] [] [] []
808 0.85 [] [723,190,948,882,416,232,776,543,819] [] []
809 1.0 [] [] [] []
810 1.0 [] [] [] []
811 0.79 [] [930,350,317,863,265,296,580] [] []
812 0.91 [] [] [] []
813 0.91 [] [] [] []
814 0.72 [] [473,939,293,895,229,442,914,316,802] [] []
815 0.99 [] [] [] []
816 0.91 [] [887,885,81,98] [] []
817 1.04 [] [] [] []
818 0.86 [] [515,211,724,365,581,665,802] [] []
819 0.91 [] [723,190,948,882,416,808,232,776,543] [] []
820 0.93 [] [121,583,277,902,871,986,395,911] [] []
821 0.9 [] [] [] []
822 1.0 [] [] [] []
823 1.35 [] [] [] []
824 1.15 [] [567,614,258,178] [] []
825 0.71 [] [630,707,369,147,160,427,660] [] []
826 0.87 [] [] [] []
827 0.75 [] [83,4,438,589,579,119] [] []
828 1.16 [] [] [] []
829 0.89 [] [313,486,626,27,481,438] [] []
830 1.06 [] [54,285,81,984,866,921,687,824,879] [] []
831 0.96 [] [524,53,957,354] [] []
832 0.9 [] [135,773,386,272,236,938] [] []
833 0.76 [] [] [] []
834 0.8 [] [692,290,246,987,453,978,132,723] [] []
835 0.98 [] [434,308,441,971,537] [] []
836 0.94 [] [168,263,39,795] [] []
837 1.0 [] [578,2,453,876] [] []
838 0.87 [] [] [] []
839 1.0 [] [93,774,61,644,206] [] []
840 0.94 [] [537,257,216,449,717] [] []
841 0.77 [] [] [] []
842 0.96 [] [] [] []
843 0.88 [] [] [] []
844 0.99 [] [158,673,905,707,968,936,931,42] [] []
845 0.97 [] [] [] []
846 0.96 [] [] [] []
847 0.8 [] [] [] []
848 0.94 [] [] [] []
849 0.85 [] [103,54,661,925,943,748,944] [] []
850 1.01 [] [] [] []
851 0.93 [] [] [] []
852 1.03 [] [] [] []
853 1.02 [] [620,429,446,476,177,321,857] [] []
854 0.91 [] [] [] []
855 0.94 [] [] [] []
856 0.97 [] [] [] []
857 1.0 [] [853,620,429,446,476,177,321] [] []
858 0.9 [] [410,227,68,62] [] []
859 0.93 [] [] [] []
860 1.0 [] [] [] []
861 0.91 [] [] [] []
862 0.93 [] [289,126,474,467,584,532,83,917,639] [] []
863 0.88 [] [930,350,811,317,265,296,580] [] []
864 0.89 [] [194,756,590,306,552,412,743] [] []
865 0.94 [] [601,876,531,58,389,7] [] []
866 0.86 [] [216,757,419,277,406,655,372] [] []
867 0.72 [] [636,758,315,489,434,264,736,955,85] [] []
868 1.0 [] [] [] []
869 1.0 [] [] [] []
870 0.87 [] [] [] []
871 0.94 [] [975,164,268,412,508,159,449,551] [] []
872 1.16 [] [514,849,569,352,284,496,549,191] [] []
873 0.84 [] [360,754,295,423] [] []
874 0.96 [] [] [] []
875 1.01 [] [896,138,357,473,224,31,395,724,494] [] []
876 0.9 [] [601,865,531,58,389,7] [] []
877 0.66 [] [] [] []
878 0.92 [] [] [] []
879 0.95 [] [54,285,81,984,866,921,830,687,824] [] []
880 0.97 [] [18,139,783,601,90,795,963] [] []
881 0.89 [] [871,344,374,297,129,274] [] []
882 0.9 [] [723,190,948,416,808,232,776,543,819] [] []
883 0.97 [] [] [] []
884 0.66 [] [] [] []
885 1.0 [] [724,750,261,191,4,622,957] [] []
886 1.06 [] [] [] []
887 1.02 [] [332,900,668,743,700,5] [] []
888 0.93 [] [] [] []
889 0.78 [] [] [] []
890 0.89 [] [688,24,509,788,800,26,503,421] [] []
891 1.0 [] [] [] []
892 0.91 [] [368,48,323,397,950,11,485] [] []
893 0.92 [] [707,898,444,700,594,772,352] [] []
894 1.05 [] [379,188,742,546,820,931,459,741] [] []
895 0.92 [] [473,939,293,814,229,442,914,316,802] [] []
896 1.0 [] [97,849,259,722,413] [] []
897 1.23 [] [] [] []
898 1.0 [] [707,444,700,594,772,352,893] [] []
899 0.9 [] [432,75,180,318,360,374,454,717] [] []
900 0.9 [] [332,887,668,743,700,5] [] []
901 1.17 [] [] [] []
902 0.95 [] [121,820,583,277,871,986,395,911] [] []
903 0.94 [] [] [] []
904 0.9 [] [552,583,150,437] [] []
905 0.92 [] [158,844,673,707,968,936,931,42] [] []
906 0.88 [] [399,356,507,3] [] []
907 1.01 [] [] [] []
908 1.06 [] [348,180,123,184,818,920,209,104,731] [] []
909 0.97 [] [] [] []
910 1.02 [] [218,507,494,624,949] [] []
911 0.75 [] [121,820,583,277,902,871,986,395] [] []
912 0.74 [] [24,231,387,70] [] []
913 0.91 [] [592,586,745,442,196,701,225,75] [] []
914 0.91 [] [473,939,293,814,895,229,442,316,802] [] []
915 0.9 [] [] [] []
916 0.76 [] [156,222,114,626,118,624] [] []
917 0.92 [] [289,126,474,467,584,532,83,862,639] [] []
918 0.84 [] [] [] []
919 0.98 [] [] [] []
920 0.96 [] [348,908,180,123,184,818,209,104,731] [] []
921 1.0 [] [54,285,81,984,866,830,687,824,879] [] []
922 0.94 [] [] [] []
923 0.93 [] [6,128,372,669,35] [] []
924 1.0 [] [] [] []
925 0.79 [] [103,54,661,943,849,748,944] [] []
926 1.0 [] [] [] []
927 0.94 [] [] [] []
928 0.95 [] [] [] []
929 0.92 [] [66,2,115,402,592,335] [] []
930 0.82 [] [350,811,317,863,265,296,580] [] []
931 0.67 [] [158,844,673,905,707,968,936,42] [] []
932 0.91 [] [953,999,991,402] [] []
933 0.85 [] [] [] []
934 0.92 [] [574,370,381,689,463,887,154,296] [] []
935 1.02 [] [] [] []
936 0.78 [] [158,844,673,905,707,968,931,42] [] []
937 0.9 [] [] [] []
938 0.91 [] [135,832,773,386,272,236] [] []
939 0.95 [] [484,232,235,510,659] [] []
940 0.63 [] [52,423,413,221,773,188] [] []
941 0.92 [] [] [] []
942 0.97 [] [] [] []
943 0.81 [] [103,54,661,925,849,748,944] [] []
944 0.88 [] [103,54,661,925,943,849,748] [] []
945 1.01 [] [] [] []
946 1.0 [] [326,311,748,713,999,750,400] [] []
947 1.06 [] [] [] []
948 0.96 [] [723,190,882,416,808,232,776,543,819] [] []
949 0.97 [] [218,507,910,494,624] [] []
950 0.93 [] [368,48,892,323,397,11,485] [] []
951 0.97 [] [374,592,355,314,597,11,225,69,674] [] []
952 0.86 [] [] [] []
953 0.87 [] [932,999,991,402] [] []
954 0.94 [] [140,546,191,245] [] []
955 1.06 [] [122,366,865,517,24,70,327] [] []
956 0.97 [] [] [] []
957 1.12 [] [724,750,885,261,191,4,622] [] []
958 0.84 [] [107,523,682,726,776,572,798,491,187] [] []
959 1.04 [] [] [] []
960 0.83 [] [692,365,308,712,316] [] []
961 0.94 [] [] [] []
962 1.06 [] [] [] []
963 0.91 [] [18,139,783,601,90,880,795] [] []
964 0.93 [] [311,116,296,81,594,958,615,939,469] [] []
965 0.85 [] [] [] []
966 0.93 [] [] [] []
967 0.9 [] [] [] []
968 1.0 [] [158,844,673,905,707,936,931,42] [] []
969 0.89 [] [] [] []
970 0.9 [] [] [] []
971 0.92 [] [39,70,376,314] [] []
972 0.93 [] [772,606,273,378,536,283,108,350] [] []
973 0.96 [] [] [] []
974 1.0 [] [] [] []
975 1.04 [] [164,268,412,871,508,159,449,551] [] []
976 0.91 [] [] [] []
977 0.91 [] [] [] []
978 0.85 [] [183,291,589,11,401,670,932,236,437] [] []
979 0.76 [] [236,254,702,783,2] [] []
980 0.93 [] [493,269,702,783,730] [] []
981 0.8 [] [] [] []
982 1.0 [] [] [] []
983 0.92 [] [] [] []
984 0.97 [] [54,285,81,866,921,830,687,824,879] [] []
985 0.84 [] [] [] []
986 0.97 [] [378,620,282,916,78,53,236] [] []
987 0.85 [] [30,485,409,328] [] []
988 0.93 [] [115,546,498,781,665] [] []
989 0.9 [] [] [] []
990 0.82 [] [] [] []
991 0.96 [] [953,932,999,402] [] []
992 0.91 [] [] [] []
993 1.0 [] [176,319,761,610,667,235,453] [] []
994 0.95 [] [615,778,332,698,160,443,21,104,900] [] []
995 0.7 [] [317,905,402,708,700] [] []
996 0.63 [] [651,678,715,240,329,163,197,706] [] []
997 0.87 [] [208,931,252,666,331,375] [] []
998 1.38 [] [] [] []
999 0.97 [] [326,311,748,713,946,750,400] [] []
