0<-935, 685, 894, 921, 680, 883, 920,
1<-68, 164, 170, 355, 430, 511, 863, 890, 912, 255, 312, 221, 177,
2<-58, 69, 117, 134, 222, 384, 391, 423, 478, 501, 572, 625, 667, 858,
3<-193, 330, 366, 424, 464, 487, 556, 610, 620, 661, 754, 820, 864,
4<-896, 519, 404, 334, 592, 716,
5<-948, 746, 647, 461, 420, 280,
6<-3, 11, 17, 18, 19, 21,871, 34, 46, 49, 67, 79, 80,
7<-161, 176, 189, 212, 285, 309, 382, 388, 475, 486, 672, 737, 744, 829, 838, 950,
8<-700, 489, 375, 362, 145,
9<-5, 12, 14, 29, 32, 35, 75, 119, 125, 153, 160, 162, 163, 178, 181,
10<-897, 502, 394, 745, 549, 107,
11<-961, 807, 628, 434, 319, 190,
12<-102, 167, 217, 256, 264, 358, 456, 602, 612, 649, 895, 930, 826,
13<-924, 711, 495, 371, 270,
14<-16, 62, 210, 216, 218, 291, 341, 426, 521, 561, 671, 686, 768, 781,
15<-122, 219, 265, 433, 473, 485, 539, 606, 659, 676, 841, 940, 965,
16<-974, 730, 634, 350, 666, 437,
17<-715, 658, 463, 510, 392, 718, 326,
18<-926, 842, 411, 902, 287, 262,
19<-50, 94, 138, 173, 202, 343, 357, 445, 518, 531, 557, 583, 648, 903, 905, 944,
20<-22, 41, 77, 82, 93, 195, 223, 233, 337, 361, 380, 472, 538, 614, 732,
21<-975, 520, 582, 471, 403, 192,
22<-927, 570, 664, 529, 885, 174,
23<-720, 846, 636, 307, 536, 873,
24<-986, 767, 621, 439, 340, 111,
25<-57, 496, 643, 802, 933, 969, 379, 446, 381, 237, 494, 893,
26<-928, 749, 412, 947, 679, 468,
27<-20, 25, 36, 55, 104, 127, 207, 236, 271, 277, 290, 310, 410, 438, 474, 777,
28<-726, 573, 856, 368, 363, 356,
29<-942, 770, 595, 450, 619, 241,
30<-734, 709, 956, 372, 273,
31<-66, 92, 103, 180, 187, 405, 441, 555, 753, 766, 884, 906, 923, 960, 970,
32<-946, 743, 415, 492, 837, 373,
33<-740, 755, 630, 776, 333, 818,
34<-85, 166, 183, 259, 414, 490, 546, 580, 862, 347, 523, 123, 832,
35<-691, 695, 697, 702, 704, 707, 713, 717, 750, 774, 998,54, 211, 967,
36<-959, 719, 387, 435, 562, 175,
37<-742, 840, 623, 465, 261, 198,
38<-968, 527, 613, 850, 594, 328,
39<-65, 83, 247, 276, 498, 629, 639, 689, 827, 876, 228, 232, 673,
40<-98, 784, 675, 541, 306, 301, 881,
41<-74, 260, 267, 311, 315, 344, 364, 413, 481, 482, 493, 581, 601, 916, 925,
42<-751, 574, 598, 828, 627, 126,
43<-999, 782, 640, 462, 383, 376,
44<-786, 759, 407, 907, 338, 910,
45<-787, 757, 419, 354, 633, 151,
46<-792, 678, 617, 852, 257, 234,
47<-13, 30, 31, 91, 100, 224, 378, 513, 814, 421, 563, 275, 854,
48<-794, 577, 631, 348, 584, 904,
49<-795, 605, 548, 836, 303, 710,
50<-796, 783, 480, 973, 721, 197,
51<-801, 505, 545, 729, 227, 708,
52<-2, 44, 113, 136, 208, 243, 399, 532, 665, 670, 688, 812, 819, 859, 870, 981,
53<-8, 132, 182, 204, 282, 385, 428, 537, 571, 618, 762, 851, 892, 936, 954, 964,
54<-810, 534, 599, 982, 683, 844,
55<-47, 133, 139, 203, 253, 279, 393, 491, 624, 825, 324, 335,
56<-6, 28, 38, 42, 51, 56, 60, 63, 70, 71, 72, 76, 86, 90, 95, 97, 108, 114, 121, 130, 131, 142, 143, 149, 152, 154, 168,
57<-815, 772, 431, 945, 263, 937,
58<-831, 806, 641, 919, 302, 242,
59<-845, 585, 823, 325, 839, 213,
60<-110, 245, 321, 432, 455, 506, 724, 752, 790, 821, 889, 913, 966, 983,
61<-522, 817, 653, 516, 386, 560,
62<-853, 600, 824, 748, 304, 934,
63<-860, 722, 868, 723, 215,
64<-318, 352, 369, 397, 528, 558, 586, 609, 799, 596, 281, 258,
65<-26, 147, 188, 299, 339, 507, 797, 804, 941, 990, 249, 268, 976,
66<-135, 231, 278, 296, 331, 449, 483, 515, 622, 738, 756, 775, 917, 931,
67<-24, 115, 200, 300, 314, 349, 427, 448, 512, 554, 593, 608, 638, 687, 958, 988,
68<-869, 760, 550, 327, 332, 978,
69<-118, 235, 244, 295, 317, 377, 540, 597, 736, 747, 798, 849, 878, 882, 900,
70<-872, 822, 552, 650, 365, 201,
71<-313, 320, 504, 611, 669, 765, 813, 843, 847, 952, 977, 205, 943,
72<-39, 78, 84, 246, 316, 360, 390, 803, 808, 848, 861, 918, 184,
73<-880, 791, 604, 466, 417, 128,
74<-48, 250, 251, 460, 525, 763, 793, 915, 932, 645, 656, 342, 785,
75<-89, 146, 172, 214, 293, 329, 416, 436, 535, 603, 615, 866, 987, 996,
76<-891, 544, 442, 458, 402, 408,
77<-898, 761, 567, 855, 351, 346,
78<-901, 514, 401, 758, 308, 874,
79<-59, 96, 116, 144, 155, 266, 322, 353, 406, 459, 499, 551, 553, 660, 682, 771,
80<-908, 727, 578, 447, 568, 220,
81<-909, 587, 674, 440, 590, 714,
82<-0, 4, 33, 52, 53, 61, 81, 101, 129, 141, 150, 157, 165, 169,
83<-922, 809, 644, 500, 701,
84<-15, 37, 124, 252, 395, 476, 517, 632, 646, 655, 778, 992, 194,
85<-64, 240, 274, 284, 396, 547, 635, 811, 833, 834, 980, 497, 972,
86<-10, 73, 109, 186, 199, 239, 292, 374, 453, 454, 470, 559, 564, 575, 652, 865,
87<-148, 156, 196, 238, 323, 543, 637, 735, 867, 953, 979, 995, 229,
88<-1, 105, 140, 206, 254, 288, 297, 298, 389, 467, 479, 509, 530, 569, 662, 731,
89<-949, 589, 642, 994, 651, 294,
90<-951, 588, 607, 991, 422, 477,
91<-27, 40, 43, 99, 179, 452, 779, 938, 989, 345, 526, 269, 87,
92<-955, 764, 443, 879, 663, 209,
93<-957, 725, 565, 418, 654, 668,
94<-23, 283, 409, 444, 484, 576, 579, 800, 805, 888, 911, 985, 877,
95<-962, 566, 857, 875, 886, 899,
96<-106, 185, 272, 398, 508, 677, 533, 830, 728, 591, 887, 971,
97<-984, 773, 451, 939, 305, 158,
98<-45,120,159, 88, 137, 503,616,780,681, 657, 690, 692, 693, 694, 696, 698, 703, 705, 706,
99<-993, 741, 626, 359, 286, 429,
